292
28 39 66
39 28 68
5 101 4
101 5 100
3 108 2
108 3 107
61 57 58
57 61 56
5 98 99
98 5 6
0 1 112
1 0 36
57 9 8
9 57 56
6 97 98
97 6 96
1 2 109
2 1 41
31 49 48
49 31 50
3 2 70
50 31 32
6 95 96
95 6 7
3 4 105
4 3 48
33 51 50
51 33 52
7 93 94
93 7 92
5 4 48
30 68 29
68 30 32
8 91 7
91 8 90
6 5 48
69 30 29
30 69 71
9 88 8
88 9 87
7 6 59
11 79 80
79 11 78
9 84 85
84 9 10
8 7 58
12 75 76
75 12 13
41 1 36
12 76 77
10 9 56
71 46 14
46 71 69
75 13 74
10 11 81
11 10 55
70 41 68
41 70 2
74 13 73
11 12 78
12 11 54
69 42 47
42 69 28
72 14 143
14 72 13
13 12 54
19 37 18
37 19 20
143 14 15
14 13 71
37 20 38
16 138 139
138 16 137
15 14 46
37 17 18
17 37 36
25 133 134
133 25 132
15 16 140
16 15 45
18 120 121
120 18 119
1 111 112
111 1 110
0 17 36
17 0 116
17 117 118
117 17 116
18 17 119
119 17 118
27 22 67
22 27 21
19 18 122
20 19 123
123 19 122
15 46 45
20 21 38
21 20 125
20 123 124
44 46 47
46 44 45
22 21 126
43 22 23
22 43 67
23 22 127
43 23 44
23 24 44
24 23 129
122 18 121
21 125 126
25 44 24
44 25 26
25 24 130
23 128 129
128 23 127
16 26 137
26 16 45
26 25 134
21 27 66
28 69 29
40 37 38
37 40 41
27 28 66
28 27 67
30 71 34
3 70 31
28 29 68
33 30 34
30 33 32
3 31 48
61 58 65
58 7 59
68 32 70
33 50 32
32 31 70
55 53 54
53 55 63
35 53 52
53 35 54
13 54 35
33 34 52
13 35 71
34 35 52
35 34 71
40 38 39
38 66 39
66 38 21
36 37 41
39 68 40
68 41 40
44 47 43
42 28 67
67 43 42
42 43 47
26 45 44
47 46 69
6 48 59
48 49 59
62 51 52
51 62 61
49 50 60
50 51 60
63 55 56
55 10 56
52 53 62
54 11 55
57 8 58
49 60 65
49 65 59
58 59 65
61 65 60
60 51 61
56 61 63
61 62 63
62 53 63
13 72 73
15 141 142
141 15 140
147 74 73
74 147 75
73 72 143
143 15 142
12 77 78
75 147 76
76 147 77
77 147 78
11 80 81
146 78 147
78 146 79
79 146 80
10 81 82
80 146 81
10 82 83
81 146 82
10 83 84
82 146 83
9 85 86
83 146 84
9 86 87
146 85 84
85 146 86
86 146 87
8 88 89
146 144 89
144 146 145
8 89 90
87 146 88
88 146 89
7 91 92
90 89 144
7 94 95
91 90 144
92 91 144
93 92 144
5 99 100
94 93 144
95 94 144
4 101 102
96 95 144
4 102 103
97 96 144
4 103 104
98 97 144
99 144 100
144 99 98
4 104 105
100 144 101
101 144 102
3 105 106
102 144 103
3 106 107
103 144 104
105 144 151
144 105 104
2 108 109
105 151 106
106 151 107
1 109 110
151 109 107
109 151 110
108 107 109
0 112 113
110 151 111
0 113 114
151 150 117
0 114 115
112 111 151
112 151 113
0 115 116
113 151 114
114 151 115
115 151 116
116 151 117
118 117 150
118 150 119
20 124 125
119 150 120
120 150 121
121 150 122
22 126 127
122 150 123
150 124 123
124 150 149
124 149 125
24 129 130
125 149 126
149 127 126
127 149 128
128 149 129
25 130 131
129 149 130
25 131 132
149 131 130
131 149 148
148 147 138
131 148 132
26 134 135
132 148 133
26 135 136
133 148 134
26 136 137
134 148 135
135 148 136
136 148 137
16 139 140
137 148 138
139 138 147
140 139 147
147 73 143
141 140 147
141 147 142
147 143 142