280
0.208522 0.363856
0.208522 0.403143
0.214237 0.441554
0.217882 0.480742
0.221528 0.517197
0.231553 0.552741
0.241578 0.590107
0.254337 0.623827
0.268964 0.655485
0.290118 0.688728
0.313564 0.719946
0.339033 0.746439
0.365367 0.771699
0.393472 0.795286
0.423850 0.816390
0.456843 0.830688
0.498640 0.835298
0.542460 0.827742
0.570488 0.813824
0.601283 0.794761
0.630244 0.771299
0.653706 0.744537
0.674602 0.715209
0.694528 0.683978
0.713207 0.650952
0.728520 0.620206
0.738651 0.585120
0.750983 0.552735
0.760147 0.515375
0.764582 0.481716
0.772137 0.442429
0.775159 0.406165
0.779692 0.366878
0.258211 0.316028
0.300357 0.285000
0.346427 0.282863
0.393129 0.291436
0.435320 0.307229
0.553514 0.307580
0.598856 0.289929
0.643660 0.284255
0.685245 0.281901
0.733264 0.316053
0.498640 0.380477
0.499008 0.429615
0.499648 0.478875
0.500288 0.526856
0.442447 0.575918
0.475384 0.570742
0.495617 0.577330
0.517042 0.569666
0.547845 0.577330
0.305769 0.382713
0.333116 0.363058
0.398528 0.370536
0.418095 0.398955
0.388924 0.407200
0.329117 0.401074
0.570900 0.398498
0.590572 0.370377
0.655411 0.362797
0.682304 0.381869
0.659575 0.400063
0.600187 0.406414
0.301741 0.313036
0.345149 0.314271
0.388843 0.320766
0.431258 0.332724
0.558650 0.333515
0.602047 0.319135
0.644048 0.315025
0.686914 0.313792
0.366635 0.359269
0.358365 0.409324
0.361537 0.385991
0.622286 0.359191
0.630704 0.408365
0.627710 0.385264
0.456171 0.390897
0.532883 0.390580
0.437451 0.505933
0.551894 0.505052
0.419391 0.544393
0.570901 0.544393
0.405678 0.675814
0.434010 0.647443
0.470140 0.629877
0.496366 0.635674
0.522163 0.629075
0.558041 0.645113
0.588470 0.675814
0.564592 0.702280
0.527107 0.725873
0.497352 0.727812
0.467761 0.726815
0.428417 0.705483
0.418444 0.675814
0.470240 0.663986
0.497074 0.664343
0.523530 0.663233
0.575334 0.675444
0.522880 0.675051
0.496732 0.678365
0.470222 0.676404
0.366607 0.382511
0.621806 0.381910
0.317139 0.389450
0.325953 0.395610
0.335679 0.400586
0.345895 0.404411
0.357060 0.406705
0.367466 0.407869
0.378607 0.407951
0.389578 0.406609
0.400041 0.405203
0.410515 0.403648
0.421316 0.401619
0.308408 0.382541
0.317028 0.374753
0.326662 0.368248
0.337368 0.362568
0.348773 0.359695
0.361597 0.359515
0.374356 0.361014
0.386553 0.365139
0.398202 0.370990
0.407419 0.380434
0.415471 0.390577
0.672213 0.389553
0.663759 0.396155
0.654168 0.401412
0.644090 0.405623
0.632914 0.408089
0.622602 0.409259
0.611333 0.409404
0.600363 0.407963
0.589976 0.406448
0.579605 0.404896
0.568707 0.402631
0.680541 0.382119
0.672098 0.374151
0.662446 0.367599
0.651664 0.361847
0.640232 0.359017
0.627434 0.359061
0.614685 0.360676
0.602366 0.365137
0.590846 0.371233
0.581937 0.381062
0.574083 0.391324
0.258211 0.315803
0.282578 0.295046
0.312060 0.283730
0.344311 0.284222
0.375817 0.289156
0.406975 0.296917
0.436752 0.306878
0.288878 0.313457
0.318079 0.312690
0.347747 0.314640
0.376802 0.318906
0.405682 0.324209
0.431710 0.332724
0.733521 0.316053
0.707586 0.293456
0.679082 0.283185
0.646035 0.283742
0.614237 0.288714
0.580990 0.297822
0.552961 0.307435
0.702450 0.314513
0.671469 0.313288
0.642012 0.315349
0.615399 0.317594
0.586126 0.324784
0.557879 0.333515
0.405863 0.675629
0.416121 0.663684
0.426482 0.656814
0.436627 0.649148
0.447614 0.642884
0.459124 0.636778
0.470969 0.633764
0.483491 0.634329
0.495991 0.638450
0.508144 0.636233
0.520529 0.634224
0.533568 0.635161
0.545486 0.640783
0.556623 0.647982
0.567487 0.655281
0.579404 0.663233
0.588285 0.676739
0.418074 0.675629
0.429729 0.670819
0.440275 0.668044
0.448858 0.665021
0.458132 0.663694
0.467835 0.661892
0.477647 0.661013
0.487083 0.661383
0.497354 0.662258
0.506324 0.661938
0.516130 0.661568
0.525824 0.661623
0.535741 0.663973
0.545177 0.666749
0.554612 0.670634
0.564788 0.672299
0.575519 0.675629
0.430100 0.675814
0.439350 0.676184
0.449019 0.676732
0.457954 0.677647
0.467816 0.678954
0.477207 0.680597
0.487178 0.681705
0.496764 0.682172
0.506086 0.681679
0.515941 0.680544
0.525355 0.679308
0.534992 0.677361
0.544619 0.676561
0.554612 0.675444
0.565158 0.676369
0.414166 0.681097
0.423125 0.692228
0.431520 0.704206
0.442321 0.711627
0.454794 0.720498
0.467761 0.726150
0.482844 0.726436
0.497019 0.726483
0.511559 0.726528
0.526611 0.725485
0.539905 0.717716
0.552225 0.710821
0.562458 0.700727
0.571838 0.691246
0.580457 0.679850
0.396371 0.380742
0.394865 0.389768
0.390509 0.397816
0.383777 0.404014
0.375396 0.407690
0.366276 0.408446
0.357405 0.406199
0.349744 0.401194
0.344123 0.393972
0.341152 0.385317
0.341152 0.376166
0.344123 0.367511
0.349744 0.360289
0.357405 0.355284
0.366276 0.353037
0.375396 0.353793
0.383777 0.357469
0.390509 0.363667
0.394865 0.371715
0.595542 0.380881
0.596974 0.372299
0.601115 0.364647
0.607516 0.358755
0.615483 0.355260
0.624153 0.354542
0.632587 0.356678
0.639871 0.361436
0.645215 0.368302
0.648040 0.376530
0.648040 0.385231
0.645215 0.393459
0.639871 0.400325
0.632587 0.405083
0.624153 0.407219
0.615483 0.406501
0.607516 0.403006
0.601115 0.397114
0.596974 0.389462
0.368572 0.380742
0.621971 0.380881
