134
1 17 0
17 1 18
66 51 52
51 66 50
3 20 19
20 3 4
1 0 64
64 0 69
20 4 21
1 2 18
2 1 64
2 64 3
21 4 5
2 3 19
5 64 6
64 5 4
2 19 18
4 3 64
10 68 11
68 10 9
6 64 68
5 6 22
68 7 6
7 68 8
6 7 23
68 9 8
8 26 25
26 8 9
7 8 24
9 27 26
27 9 10
68 65 11
8 25 24
23 7 24
10 11 28
37 22 38
22 37 21
11 12 29
12 11 65
13 65 14
65 13 12
13 30 12
30 13 31
14 65 15
6 23 22
13 14 31
15 65 70
49 17 50
17 49 0
14 15 32
15 70 16
60 67 59
67 60 61
15 16 33
70 67 62
38 23 39
23 38 22
18 34 17
34 18 35
21 5 22
20 36 19
36 20 37
18 19 35
19 36 35
20 21 37
27 10 28
23 24 39
24 25 40
25 26 42
39 24 40
28 11 29
26 27 43
29 12 30
25 42 41
27 28 44
42 26 43
28 29 45
31 14 32
29 30 45
25 41 40
30 31 46
44 28 45
31 32 47
32 15 33
32 33 48
33 16 63
17 34 50
50 34 35
35 51 50
51 35 36
36 37 52
43 27 44
51 36 52
37 38 52
38 39 53
39 40 55
56 41 42
41 56 40
38 53 52
40 56 55
53 39 54
39 55 54
45 30 46
42 43 57
42 57 56
43 44 59
46 31 47
44 45 59
48 33 62
45 46 60
32 48 47
46 47 61
47 48 61
59 45 60
0 49 69
50 69 49
69 50 66
66 53 54
53 66 52
57 43 58
58 43 59
66 54 71
71 54 55
71 55 56
57 71 56
71 57 58
60 46 61
71 58 67
58 59 67
61 48 62
67 61 62
62 33 63
16 62 63
62 16 70