150
18 37 17
37 18 19
79 0 1
0 79 17
79 78 17
30 69 71
69 30 29
2 79 1
79 2 3
1 0 36
31 50 49
50 31 32
79 3 4
2 1 41
60 49 50
49 60 59
79 5 72
5 79 4
3 2 70
51 33 52
33 51 50
72 5 6
4 3 48
57 64 56
64 57 58
72 6 7
5 4 48
62 51 52
51 62 61
72 7 8
6 5 59
30 68 29
68 30 70
72 8 73
7 6 58
9 73 8
73 9 74
8 7 57
74 10 11
10 74 9
9 8 57
46 14 71
14 46 15
10 9 56
2 41 70
74 11 75
11 10 55
21 27 66
27 21 22
75 11 12
12 11 54
37 40 41
40 37 38
13 75 12
75 13 14
13 12 54
36 17 37
17 36 0
75 14 15
14 13 71
37 19 20
75 15 16
75 26 76
26 75 16
16 15 45
77 24 23
24 77 25
17 78 18
37 20 38
18 78 77
1 36 41
19 77 20
77 19 18
28 69 29
69 28 42
77 21 20
21 77 22
15 46 45
20 21 38
22 77 23
44 46 47
46 44 45
43 22 23
22 43 67
22 67 27
23 24 44
25 77 76
43 23 44
24 25 44
44 25 26
26 16 45
26 25 76
69 42 47
70 41 68
27 28 66
28 27 67
30 35 34
35 30 71
3 70 48
28 29 68
35 53 52
53 35 54
48 70 31
61 65 60
65 61 64
59 5 48
30 31 70
31 30 32
52 33 34
32 30 33
10 56 55
32 33 50
33 30 34
54 35 71
54 71 13
34 35 52
39 68 40
68 39 28
40 38 39
38 66 39
66 38 21
36 37 41
28 39 66
68 41 40
44 47 43
42 28 67
67 43 42
42 43 47
26 45 44
46 71 69
47 46 69
48 31 49
48 49 59
65 58 59
58 65 64
56 9 57
50 51 60
62 52 53
55 54 11
54 55 53
53 55 62
63 55 56
55 63 62
7 58 57
58 6 59
59 60 65
60 51 61
56 64 63
61 62 63
61 63 64