550
250 236 257
250 255 236
257 236 262
255 236 237
262 236 237
255 252 237
262 237 259
252 237 238
259 237 238
252 245 238
259 246 238
256 245 252
264 246 259
256 247 245
256 265 247
264 246 248
248 264 266
265 247 240
248 244 266
240 265 269
240 241 269
241 242 269
242 269 243
243 269 244
269 244 266
278 251 275
251 265 275
265 275 267
260 279 276
260 266 276
266 268 276
16 4 3
4 16 5
1 42 0
42 1 41
5 16 17
0 13 1
13 0 12
41 1 2
13 2 1
2 13 14
2 40 41
40 2 3
3 39 40
39 3 4
3 2 14
5 38 4
38 5 6
3 14 15
6 37 38
37 6 7
3 15 16
37 7 36
6 5 17
12 0 11
36 7 8
7 6 19
9 52 35
52 9 10
36 8 35
8 7 20
10 69 52
69 10 85
8 9 35
9 8 21
255 84 34
84 255 85
10 9 21
6 17 18
77 251 254
251 77 76
11 0 43
11 43 60
12 11 61
79 61 78
61 79 62
6 18 19
13 12 44
13 45 14
45 13 44
29 24 30
24 29 23
46 14 45
14 46 15
30 24 25
7 19 20
16 15 47
47 15 46
17 16 48
25 31 30
31 25 26
8 20 21
18 17 49
48 16 47
19 18 50
49 65 66
65 49 48
20 19 50
34 83 33
83 34 84
10 21 68
21 20 51
34 33 28
29 78 22
78 29 79
77 11 60
11 77 78
26 32 31
32 26 27
22 23 29
23 22 249
24 249 253
249 24 23
26 253 250
253 26 25
24 253 25
27 33 32
33 27 28
20 50 51
27 250 28
250 27 26
51 50 67
28 250 255
85 10 68
28 255 34
12 61 44
63 45 62
45 63 46
29 30 79
64 63 81
63 64 46
30 31 80
48 47 64
31 32 81
50 18 49
32 33 82
68 21 51
85 68 84
35 53 36
53 35 70
36 53 71
4 38 39
37 36 54
54 36 71
38 37 55
55 37 54
39 38 56
39 56 40
40 57 41
57 40 56
0 42 43
41 58 42
58 41 57
42 59 43
59 42 75
60 43 59
44 62 45
62 44 61
30 80 79
46 64 47
48 64 65
17 48 49
65 64 81
66 65 82
50 49 66
67 66 83
66 67 50
68 67 84
67 68 51
52 70 35
70 52 69
53 70 71
38 55 56
55 54 72
72 54 71
56 55 73
56 73 57
57 74 58
74 57 73
42 58 75
75 58 74
59 75 76
11 78 61
60 59 76
77 60 76
62 80 63
80 62 79
81 63 80
81 80 31
65 81 82
82 81 32
66 82 83
83 82 33
83 84 67
256 251 75
252 85 255
85 252 69
70 69 252
70 252 71
55 72 73
71 252 256
72 71 256
73 72 256
73 256 74
74 256 75
76 75 251
78 254 22
254 78 77
249 22 254
86 128 87
128 86 145
143 127 144
127 143 126
91 102 90
102 91 103
86 87 98
127 88 87
88 127 89
99 87 88
87 99 98
88 100 99
100 88 101
89 127 126
88 89 101
126 90 89
90 126 125
101 89 102
89 90 102
125 91 90
91 125 124
123 92 124
92 123 93
86 98 97
91 92 103
92 91 124
93 123 122
92 93 104
122 94 93
94 122 121
93 94 106
94 95 106
95 94 121
95 121 138
95 96 107
96 95 138
170 262 120
262 170 171
86 97 129
129 97 146
97 98 147
164 115 263
115 164 165
163 97 164
97 163 146
98 99 130
103 92 104
98 130 147
99 100 130
115 110 109
110 115 116
100 101 131
104 93 105
110 116 111
101 102 133
105 93 106
131 101 132
102 103 134
111 117 112
117 111 116
103 104 134
102 134 133
104 105 135
106 95 107
118 119 113
119 118 168
105 106 136
153 169 152
169 153 170
106 107 137
107 96 154
106 137 136
263 260 163
130 100 131
108 258 263
258 108 109
109 108 115
150 149 132
149 150 167
258 109 110
118 113 112
110 111 261
134 104 135
110 261 258
111 112 261
135 136 152
136 135 105
261 112 257
112 113 257
119 120 114
120 119 169
257 114 262
114 257 113
114 113 119
171 154 96
154 171 170
262 114 120
115 108 263
116 115 165
116 166 117
166 116 165
101 133 132
112 117 118
118 117 167
133 134 151
134 135 151
107 154 137
171 96 155
122 139 121
139 122 140
121 139 156
122 123 140
123 124 141
141 124 142
124 125 142
142 125 126
127 87 128
126 143 142
128 144 127
144 128 145
86 129 145
161 144 145
144 161 160
129 146 145
165 147 148
147 165 164
130 148 147
148 130 131
131 149 148
149 131 132
150 132 133
133 151 150
150 151 168
151 135 152
151 152 168
153 152 136
136 137 153
153 154 170
154 153 137
96 138 155
138 121 156
156 139 157
140 123 141
138 156 155
139 140 157
140 141 158
158 141 159
141 142 159
159 142 143
143 160 159
160 143 144
161 145 162
264 161 260
161 264 160
145 146 162
164 97 147
146 163 162
148 166 165
166 148 149
149 167 166
166 167 117
150 168 167
167 168 118
168 152 169
168 169 119
169 170 120
259 157 264
157 259 156
155 156 259
157 140 158
264 157 158
159 264 158
264 159 160
260 161 162
163 260 162
164 263 163
171 155 259
171 259 262
173 189 172
189 173 190
267 223 224
223 267 222
175 192 191
192 175 176
173 172 265
265 172 270
192 176 193
173 174 190
174 173 265
174 265 175
193 176 177
174 175 191
177 265 178
265 177 176
174 191 190
176 175 265
182 269 183
269 182 181
178 265 269
177 178 194
269 179 178
179 269 180
178 179 195
269 181 180
180 198 197
198 180 181
179 180 196
181 199 198
199 181 182
269 266 183
180 197 196
195 179 196
182 183 200
209 194 210
194 209 193
183 184 201
184 183 266
185 266 186
266 185 184
185 202 184
202 185 203
186 266 187
178 195 194
185 186 203
187 266 271
221 189 222
189 221 172
186 187 204
187 271 188
232 268 231
268 232 233
187 188 205
271 268 234
210 195 211
195 210 194
190 206 189
206 190 207
193 177 194
192 208 191
208 192 209
190 191 207
191 208 207
192 193 209
199 182 200
195 196 211
196 197 212
197 198 214
211 196 212
200 183 201
198 199 215
201 184 202
197 214 213
199 200 216
214 198 215
200 201 217
203 186 204
201 202 217
197 213 212
202 203 218
216 200 217
203 204 219
204 187 205
204 205 220
205 188 235
189 206 222
222 206 207
207 223 222
223 207 208
208 209 224
215 199 216
223 208 224
209 210 224
210 211 225
211 212 227
228 213 214
213 228 212
210 225 224
212 228 227
225 211 226
211 227 226
217 202 218
214 215 229
214 229 228
215 216 231
218 203 219
216 217 231
220 205 234
217 218 232
204 220 219
218 219 233
219 220 233
231 217 232
172 221 270
222 270 221
270 222 267
267 225 226
225 267 224
229 215 230
230 215 231
267 226 272
272 226 227
272 227 228
229 272 228
272 229 230
232 218 233
272 230 268
230 231 268
233 220 234
268 233 234
234 205 235
188 234 235
234 188 271
238 246 239
239 245 238
245 239 241
239 246 248
239 248 243
239 242 241
242 239 243
245 241 247
241 240 247
244 243 248
277 250 253
250 277 257
278 273 249
278 249 254
261 277 274
277 261 257
275 267 280
251 256 265
260 263 279
253 249 273
277 253 273
254 251 278
258 261 274
258 279 263
279 258 274
264 260 266
267 272 280
272 268 280
280 268 276
