370
2 48 49
48 2 59
3 187 2
187 3 4
0 187 182
187 0 1
53 65 54
65 53 64
2 187 1
1 0 59
37 119 46
119 37 120
2 1 59
44 34 35
34 44 58
187 4 5
3 2 49
120 136 119
136 120 137
187 6 184
6 187 5
4 3 51
10 118 11
118 10 9
184 6 7
5 4 46
121 138 137
138 121 122
184 7 8
6 5 46
137 153 136
153 137 154
184 8 9
7 6 46
121 137 120
184 9 10
8 7 46
168 135 152
135 168 167
184 10 11
9 8 118
120 37 121
184 11 12
168 153 169
153 168 152
184 12 13
148 131 149
131 148 130
184 13 14
12 11 168
8 46 119
184 14 189
13 12 169
41 131 130
131 41 132
189 14 15
14 13 171
189 15 16
15 14 172
47 28 27
28 47 74
16 15 173
17 185 189
185 17 18
17 189 16
17 16 175
185 18 19
18 17 176
185 19 20
19 18 177
36 44 35
44 36 38
185 21 22
21 185 20
20 19 178
47 36 45
36 47 40
185 22 23
21 20 180
45 36 35
185 23 24
22 21 134
46 4 51
185 24 25
23 22 134
3 49 50
185 25 188
24 23 134
45 35 34
26 188 25
188 26 27
25 24 47
71 29 72
29 71 30
26 25 47
188 27 28
27 26 47
45 34 80
29 188 28
188 29 30
29 28 73
30 71 70
29 73 72
188 30 31
31 30 81
60 100 61
100 60 99
188 31 32
32 31 81
94 182 186
182 94 93
183 188 32
60 61 48
88 77 89
77 88 76
87 75 76
75 87 86
8 119 118
33 34 42
34 33 43
132 41 133
11 118 168
143 126 144
126 143 142
119 135 118
135 119 136
44 38 46
125 39 127
39 125 124
37 38 124
38 37 46
38 36 39
141 125 142
125 141 124
38 39 124
39 36 40
39 40 128
47 24 133
40 41 128
41 40 47
33 42 104
42 34 58
51 3 50
34 43 80
43 33 117
30 70 81
58 44 57
45 78 77
78 45 79
44 46 53
41 47 133
47 45 75
64 53 52
49 48 61
46 51 52
50 49 61
50 61 62
46 52 53
51 50 62
52 51 64
44 53 54
51 62 63
44 54 55
51 63 64
44 55 56
55 54 67
60 48 59
44 56 57
56 55 68
57 56 69
58 57 69
42 58 69
54 65 66
59 0 92
54 66 67
60 59 99
59 92 99
55 67 68
62 61 100
56 68 69
63 62 101
94 100 99
100 94 95
83 112 82
112 83 113
64 63 101
97 103 102
103 97 98
65 64 102
77 90 89
90 77 78
67 103 104
103 67 66
66 65 102
66 102 103
67 104 68
42 68 104
68 42 69
75 86 74
70 71 82
73 28 74
83 72 84
72 83 71
71 83 82
72 73 85
74 47 75
84 72 85
73 74 86
85 73 86
75 45 76
76 45 77
70 82 81
79 45 80
78 79 90
80 43 91
79 80 91
87 76 88
32 81 105
81 82 112
105 81 112
83 84 113
112 107 106
107 112 113
84 85 114
95 101 100
101 95 96
86 115 114
115 86 87
85 86 114
101 62 100
102 96 97
96 102 101
102 64 101
116 89 117
89 116 88
87 88 116
117 89 90
116 117 111
90 79 91
43 90 91
90 43 117
0 182 92
94 99 93
33 104 98
92 93 99
93 92 182
114 108 113
108 114 109
107 113 108
95 94 186
186 110 111
110 186 109
96 95 186
183 105 106
105 183 32
97 96 186
84 114 113
98 97 186
87 116 115
33 98 111
103 98 104
110 115 116
115 110 109
106 105 112
109 186 108
183 106 107
186 107 108
107 186 183
186 111 98
117 33 111
111 110 116
109 114 115
168 118 167
12 168 169
121 37 122
138 122 139
122 37 123
139 122 123
123 37 124
138 154 137
154 138 155
155 138 139
123 124 140
125 127 126
140 155 139
155 140 156
127 39 128
127 145 144
145 127 128
125 126 142
144 126 127
154 169 153
169 154 170
128 41 129
124 141 140
128 129 146
129 41 130
129 130 147
148 163 147
163 148 164
133 24 134
19 177 178
131 132 149
132 133 150
180 20 179
133 134 151
134 21 180
136 152 135
152 136 153
118 135 167
139 123 140
13 169 170
156 140 141
158 142 143
142 158 157
14 171 172
145 128 146
141 142 157
158 143 159
143 144 160
159 143 160
146 129 147
157 172 171
172 157 173
144 145 161
147 130 148
160 144 161
145 146 162
146 147 163
149 132 150
148 149 164
176 17 175
161 175 160
175 161 176
149 150 165
150 133 151
150 151 166
151 134 181
165 179 164
179 165 166
170 154 155
156 141 157
156 170 155
170 156 171
171 156 157
171 13 170
161 145 162
173 157 158
173 15 172
158 159 174
162 146 163
174 16 173
16 174 175
159 160 174
174 160 175
161 162 177
177 162 163
176 161 177
164 149 165
163 164 178
177 163 178
165 150 166
166 151 180
164 179 178
173 158 174
18 176 177
179 166 180
20 178 179
134 180 181
180 151 181