360
16 4 3
4 16 5
1 42 0
42 1 41
5 16 17
0 13 1
13 0 12
41 1 2
13 2 1
2 13 14
2 40 41
40 2 3
3 39 40
39 3 4
3 2 14
5 38 4
38 5 6
3 14 15
6 37 38
37 6 7
3 15 16
37 7 36
6 5 17
12 0 11
36 7 8
7 6 19
9 52 35
52 9 10
36 8 35
8 7 20
10 69 52
69 10 85
8 9 35
9 8 21
178 84 34
84 178 85
10 9 21
6 17 18
77 174 177
174 77 76
11 0 43
11 43 60
12 11 61
79 61 78
61 79 62
6 18 19
13 12 44
13 45 14
45 13 44
29 24 30
24 29 23
46 14 45
14 46 15
30 24 25
7 19 20
16 15 47
47 15 46
17 16 48
25 31 30
31 25 26
8 20 21
18 17 49
48 16 47
19 18 50
49 65 66
65 49 48
20 19 50
34 83 33
83 34 84
10 21 68
21 20 51
34 33 28
29 78 22
78 29 79
77 11 60
11 77 78
26 32 31
32 26 27
22 23 29
23 22 172
24 172 176
172 24 23
26 176 173
176 26 25
24 176 25
27 33 32
33 27 28
20 50 51
27 173 28
173 27 26
51 50 67
28 173 178
85 10 68
28 178 34
12 61 44
63 45 62
45 63 46
29 30 79
64 63 81
63 64 46
30 31 80
48 47 64
31 32 81
50 18 49
32 33 82
68 21 51
85 68 84
35 53 36
53 35 70
36 53 71
4 38 39
37 36 54
54 36 71
38 37 55
55 37 54
39 38 56
39 56 40
40 57 41
57 40 56
0 42 43
41 58 42
58 41 57
42 59 43
59 42 75
60 43 59
44 62 45
62 44 61
30 80 79
46 64 47
48 64 65
17 48 49
65 64 81
66 65 82
50 49 66
67 66 83
66 67 50
68 67 84
67 68 51
52 70 35
70 52 69
53 70 71
38 55 56
55 54 72
72 54 71
56 55 73
56 73 57
57 74 58
74 57 73
42 58 75
75 58 74
59 75 76
11 78 61
60 59 76
77 60 76
62 80 63
80 62 79
81 63 80
81 80 31
65 81 82
82 81 32
66 82 83
83 82 33
83 84 67
179 174 75
175 85 178
85 175 69
70 69 175
70 175 71
55 72 73
71 175 179
72 71 179
73 72 179
73 179 74
74 179 75
76 75 174
78 177 22
177 78 77
172 22 177
86 128 87
128 86 145
143 127 144
127 143 126
91 102 90
102 91 103
86 87 98
127 88 87
88 127 89
99 87 88
87 99 98
88 100 99
100 88 101
89 127 126
88 89 101
126 90 89
90 126 125
101 89 102
89 90 102
125 91 90
91 125 124
123 92 124
92 123 93
86 98 97
91 92 103
92 91 124
93 123 122
92 93 104
122 94 93
94 122 121
93 94 106
94 95 106
95 94 121
95 121 138
182 155 156
155 182 185
95 96 107
96 95 138
170 185 120
185 170 171
86 97 129
129 97 146
97 98 147
164 115 108
115 164 165
163 97 164
97 163 146
98 99 130
103 92 104
98 130 147
99 100 130
115 110 109
110 115 116
100 101 131
104 93 105
110 116 111
101 102 133
105 93 106
131 101 132
102 103 134
111 117 112
117 111 116
103 104 134
102 134 133
104 105 135
106 95 107
118 119 113
119 118 168
105 106 136
153 169 152
169 153 170
106 107 137
107 96 154
106 137 136
186 183 163
130 100 131
108 181 186
181 108 109
109 108 115
150 149 132
149 150 167
181 109 110
118 113 112
110 111 184
134 104 135
110 184 181
111 112 184
135 136 152
136 135 105
184 112 180
112 113 180
119 120 114
120 119 169
113 114 180
114 113 119
171 154 96
154 171 170
114 185 180
185 114 120
116 115 165
116 166 117
166 116 165
101 133 132
112 117 118
118 117 167
133 134 151
134 135 151
107 154 137
171 96 155
122 139 121
139 122 140
121 139 156
122 123 140
123 124 141
141 124 142
124 125 142
142 125 126
127 87 128
126 143 142
128 144 127
144 128 145
86 129 145
161 144 145
144 161 160
129 146 145
165 147 148
147 165 164
130 148 147
148 130 131
131 149 148
149 131 132
150 132 133
133 151 150
150 151 168
151 135 152
151 152 168
153 152 136
136 137 153
153 154 170
154 153 137
96 138 155
138 121 156
156 139 157
140 123 141
138 156 155
139 140 157
140 141 158
158 141 159
141 142 159
159 142 143
143 160 159
160 143 144
161 145 162
187 161 183
161 187 160
145 146 162
164 97 147
146 163 162
148 166 165
166 148 149
149 167 166
166 167 117
150 168 167
167 168 118
168 152 169
168 169 119
169 170 120
182 157 187
157 182 156
157 140 158
187 157 158
159 187 158
187 159 160
183 161 162
163 183 162
186 164 108
164 186 163
171 155 185
175 178 185
178 173 185
175 185 182
185 173 180