5242
4 9 1272
6 4 1269
3 2 1274
11 17 7
9 8 0
3 16 2
1270 23 5
0 21 11
16 1275 2
23 31 5
7 23 1270
24 23 7
14 24 7
8 21 0
4 10 9
12 10 4
6 13 4
1275 15 6
17 14 7
21 20 11
13 12 4
26 13 6
15 26 6
16 15 1275
9 10 8
16 19 15
17 33 14
11 20 17
2058 27 3
24 42 23
16 29 19
27 29 16
3 27 16
12 25 10
13 25 12
22 26 15
19 22 15
14 32 24
8 18 21
26 35 13
33 32 14
39 33 17
10 28 8
25 28 10
35 25 13
42 30 23
20 39 17
28 18 8
35 34 25
44 22 19
29 44 19
36 27 2058
33 37 32
34 28 25
22 35 26
32 42 24
18 40 21
23 30 31
39 46 33
48 20 21
40 48 21
28 40 18
22 43 35
44 41 22
46 37 33
53 46 39
38 40 28
35 43 34
62 29 27
36 62 27
32 57 42
20 47 39
38 54 40
55 38 28
34 55 28
41 43 22
62 44 29
30 51 31
58 57 32
48 47 20
49 55 34
43 49 34
44 64 41
42 57 30
58 66 57
46 45 37
47 53 39
54 63 40
55 54 38
56 49 43
50 43 41
52 51 30
40 70 48
63 70 40
50 56 43
37 58 32
47 68 53
72 50 41
64 72 41
2084 62 36
57 52 30
37 60 2673
45 60 37
74 60 45
48 69 47
49 59 55
56 59 49
62 64 44
66 73 57
60 77 58
53 75 46
75 45 46
68 75 53
48 70 69
61 63 54
55 61 54
62 82 64
77 66 58
69 68 47
80 59 56
50 80 56
52 83 51
57 65 52
73 65 57
45 67 74
75 67 45
90 61 55
59 90 55
87 75 68
88 68 69
63 71 70
78 71 63
61 78 63
80 91 59
92 80 50
72 92 50
64 108 72
82 76 64
65 93 52
66 94 73
77 94 66
81 67 75
88 87 68
90 79 61
91 90 59
108 92 72
76 108 64
97 82 62
74 86 60
67 86 74
87 81 75
70 88 69
71 88 70
2084 97 62
102 65 73
94 102 73
98 94 77
60 98 77
99 98 60
86 99 60
61 106 78
79 106 61
80 84 91
123 84 80
92 123 80
100 97 2084
52 101 83
93 101 52
65 102 93
67 95 2677
81 95 67
78 89 71
90 121 79
108 85 92
94 110 102
86 104 99
71 105 88
106 114 78
90 96 121
91 96 90
84 96 91
85 123 92
98 110 94
95 104 86
112 81 87
119 112 87
88 119 87
105 119 88
89 105 71
121 106 79
84 116 96
123 122 84
109 108 76
82 109 76
125 109 82
97 125 82
102 133 93
118 110 98
103 118 98
99 103 98
104 103 99
81 111 95
115 121 96
116 115 96
85 107 123
124 107 85
108 124 85
93 133 101
117 133 102
110 117 102
95 111 104
78 114 89
128 114 106
84 122 116
131 124 108
109 131 108
133 1804 101
111 127 104
112 111 81
105 120 119
113 120 105
89 137 113
114 137 89
121 138 106
115 129 121
116 130 115
145 125 97
100 2155 97
2155 145 97
110 118 117
126 141 2674
104 126 103
127 126 104
89 113 105
106 138 128
129 138 121
140 130 116
122 140 116
124 159 107
131 135 124
133 132 1804
163 133 117
118 146 117
113 136 120
137 134 113
115 139 129
107 158 123
151 109 125
117 146 163
141 118 103
111 142 2676
112 142 111
130 139 115
140 143 130
122 158 140
123 158 122
107 144 158
159 144 107
124 174 159
135 174 124
149 174 135
131 160 135
109 150 131
142 126 127
119 147 112
120 147 119
113 134 136
128 148 114
154 128 138
129 154 138
139 156 129
130 157 139
143 157 130
140 173 143
158 173 140
150 160 2684
151 150 109
185 125 145
163 132 133
112 147 142
114 169 137
148 169 114
154 148 128
156 154 129
157 156 139
173 157 143
160 149 135
185 151 125
163 186 132
118 164 146
141 164 118
126 152 141
175 152 126
142 175 126
147 181 142
120 189 147
134 153 136
137 167 134
169 168 137
170 148 154
156 155 154
173 172 157
158 191 173
161 150 151
185 162 151
2174 185 145
186 1817 132
164 194 146
141 165 164
152 165 141
166 175 142
181 166 142
136 189 120
167 153 134
137 168 167
155 170 154
171 155 156
157 179 156
179 171 156
172 179 157
158 192 191
144 192 158
159 180 144
174 184 159
184 180 159
161 160 150
202 186 163
146 202 163
194 202 146
165 187 164
181 205 166
176 189 136
176 136 153
167 177 153
148 178 169
182 178 148
170 182 148
155 182 170
171 183 155
179 183 171
172 221 179
173 191 172
199 184 174
149 199 174
193 160 161
162 161 151
200 161 162
187 194 164
195 187 165
152 175 165
175 195 165
189 181 147
177 176 153
168 177 167
169 178 168
179 210 183
144 198 192
180 198 144
160 232 149
200 193 161
186 217 1817
202 201 186
166 195 175
177 206 176
227 219 178
182 227 178
190 228 182
155 190 182
183 190 155
209 190 183
179 212 210
191 213 172
199 222 184
185 216 162
201 217 186
195 204 187
166 196 2675
189 188 181
176 188 189
197 206 177
168 197 177
207 197 168
178 207 168
219 207 178
182 228 227
210 209 183
212 211 210
221 212 179
214 191 192
198 214 192
149 232 199
193 232 2695
200 223 193
216 200 162
2174 2191 185
194 203 202
234 203 194
187 234 194
204 234 187
196 204 195
166 205 196
181 218 205
176 226 188
206 226 176
208 220 190
209 208 190
238 198 2685
216 223 200
2191 216 185
217 224 1817
203 201 202
245 204 196
188 218 181
226 218 188
248 197 207
219 248 207
220 228 190
210 230 209
211 230 210
212 230 211
172 231 221
213 231 172
214 279 191
238 214 198
184 238 180
239 184 222
232 215 199
215 222 199
242 232 193
243 242 193
223 243 193
264 224 217
201 264 217
225 264 201
203 225 201
205 245 196
218 245 205
206 247 226
197 247 206
269 197 248
227 249 219
209 229 208
236 235 209
230 236 209
279 213 191
239 284 184
216 244 223
233 244 216
2191 233 216
266 234 204
245 266 204
218 246 245
226 246 218
269 247 197
249 248 219
228 249 227
259 249 228
220 259 228
229 220 208
235 229 209
237 236 230
212 237 230
221 254 212
254 237 2668
231 254 221
184 284 238
222 240 239
215 240 222
242 241 232
2227 256 2191
257 264 225
246 267 245
226 268 246
247 268 226
229 250 220
235 251 229
252 251 235
236 253 235
253 252 235
261 253 236
237 274 236
274 261 236
213 278 231
242 255 241
243 262 242
263 262 243
223 263 243
244 263 223
2191 256 233
203 257 225
234 265 203
265 257 203
266 265 234
258 266 245
267 258 245
268 267 246
220 250 259
229 260 250
251 260 229
252 260 251
261 252 253
276 274 237
254 276 237
278 254 231
311 279 214
238 311 214
284 311 238
262 255 242
233 286 244
257 288 264
280 257 265
267 291 258
268 292 267
248 294 269
270 294 248
249 270 248
260 271 250
282 260 252
272 282 252
261 272 252
295 272 261
273 295 261
274 273 261
276 275 274
254 277 276
300 277 254
278 301 254
279 283 213
302 284 239
240 302 239
244 285 263
286 285 244
304 286 233
256 304 233
280 288 257
289 280 265
266 289 265
258 291 266
291 289 266
292 291 267
293 292 268
247 293 268
269 293 247
259 270 249
250 281 259
271 308 250
282 271 260
295 282 272
297 295 273
274 297 273
275 297 274
299 297 275
276 299 275
277 299 276
300 299 277
301 300 254
213 283 278
285 262 2694
286 303 285
315 303 286
305 304 256
317 287 224
318 317 224
264 318 224
288 318 264
319 288 280
289 319 280
290 289 291
293 320 292
270 307 294
281 307 259
250 308 281
295 310 282
297 296 295
299 298 297
283 301 278
279 327 283
311 327 279
312 255 262
313 312 262
285 313 262
303 313 285
304 315 286
290 319 289
292 290 291
320 290 292
307 306 294
259 307 270
271 309 308
282 322 271
322 309 271
310 322 282
296 310 295
297 324 296
324 310 296
298 324 297
326 324 298
299 326 298
300 326 299
353 326 2669
301 353 300
328 302 240
312 355 255
314 343 303
315 314 303
305 316 304
330 316 305
2263 330 305
317 359 287
319 331 288
293 321 320
269 321 293
294 321 269
281 333 307
308 334 281
335 334 308
309 335 308
322 336 309
324 323 310
326 325 324
283 354 301
327 369 283
328 384 302
312 342 355
329 342 312
313 329 312
303 329 313
343 329 303
345 343 314
315 345 314
316 345 315
304 316 315
346 330 2263
331 318 288
290 332 319
332 331 319
320 332 290
306 321 294
307 347 306
333 347 307
281 334 333
336 335 309
322 337 336
310 338 322
338 337 322
323 338 310
324 339 323
339 338 323
325 339 324
340 339 325
326 340 325
353 340 326
354 353 301
283 369 354
370 327 2686
341 370 311
345 344 343
316 357 345
360 317 318
331 360 318
320 362 332
306 363 321
347 363 306
333 363 347
334 348 333
335 348 334
336 365 335
338 349 337
378 349 338
350 378 338
339 350 338
367 350 339
340 351 339
351 367 339
368 351 340
353 352 340
352 368 340
302 384 2696
371 355 342
329 386 342
386 371 342
372 386 329
343 372 329
373 372 2693
344 373 343
345 356 344
357 356 345
316 358 357
330 358 316
375 358 330
346 375 330
359 1899 1875
361 360 331
332 361 331
362 361 332
321 362 320
376 362 321
363 376 321
364 363 333
348 364 333
365 348 335
366 365 336
337 366 336
349 366 337
367 378 350
368 367 351
381 368 352
353 381 352
354 381 353
369 383 354
284 341 311
371 408 2702
374 373 344
356 374 344
387 356 357
358 387 357
409 387 358
375 409 358
2305 375 346
360 359 317
399 361 362
363 388 376
364 389 363
391 364 348
365 391 348
377 391 365
366 402 365
402 377 365
378 392 349
367 379 378
393 379 367
368 393 367
380 393 368
381 380 368
354 382 381
418 382 354
383 418 354
327 394 369
370 394 327
433 370 341
444 341 284
384 444 284
385 408 371
386 385 371
372 395 386
396 375 2305
397 359 360
361 397 360
398 397 361
399 398 361
376 388 362
388 399 362
389 388 363
390 389 364
391 390 364
349 402 366
392 402 349
379 392 378
382 380 381
369 406 383
406 419 383
328 407 384
395 385 386
373 435 372
374 435 373
446 435 374
461 374 356
436 356 387
447 436 387
409 447 387
396 409 375
425 1899 359
397 425 359
412 399 388
389 427 388
414 390 391
400 414 391
377 400 391
402 401 377
401 400 377
403 402 392
404 403 392
379 404 392
380 431 393
382 405 380
456 405 382
418 456 2670
443 418 383
419 443 383
394 406 369
433 394 370
467 433 341
372 421 395
421 445 395
435 421 372
422 446 374
461 422 374
436 461 356
396 410 409
426 425 397
398 426 397
411 426 398
399 411 398
412 411 2666
427 412 2667
390 427 389
413 427 390
414 413 390
415 414 400
401 415 400
416 415 401
402 417 401
417 416 401
403 417 402
393 404 379
431 404 393
380 405 431
444 467 341
384 420 2697
407 420 384
385 434 2701
434 458 408
395 434 385
423 447 409
410 423 409
424 423 410
426 437 425
412 440 411
427 441 412
441 440 412
413 450 427
414 450 413
428 450 414
415 429 414
429 428 414
416 429 415
442 416 417
430 442 417
403 430 417
404 453 403
431 454 404
405 432 431
456 432 405
499 443 419
445 434 395
438 437 426
411 438 426
439 438 411
440 439 411
450 441 427
451 428 429
416 451 429
442 451 416
453 430 403
454 453 404
432 454 431
457 406 394
433 457 394
435 460 421
446 460 2692
471 422 461
472 461 436
447 472 436
424 473 423
2357 473 424
425 462 1899
437 491 425
438 448 437
463 448 438
439 464 438
477 439 440
449 477 440
441 449 440
428 465 450
479 465 428
451 479 428
452 466 442
430 452 442
453 482 430
456 455 432
418 488 456
406 499 419
501 457 2687
467 501 433
444 582 467
502 582 444
420 502 444
407 502 420
469 468 434
445 469 434
421 459 445
459 469 445
460 459 421
446 470 460
422 470 446
471 470 422
423 473 447
473 472 447
2357 474 473
2366 474 2357
491 462 425
448 491 437
464 463 438
477 464 439
450 449 441
465 449 450
480 479 451
442 480 451
466 480 442
482 452 430
484 482 453
454 484 453
486 484 454
432 486 454
455 486 432
488 455 456
443 488 418
457 499 406
582 555 467
434 504 458
468 504 434
460 505 459
470 505 460
472 471 461
490 471 472
448 475 491
521 475 448
463 521 448
464 476 463
492 476 464
477 492 464
465 493 449
479 508 465
512 466 452
481 512 452
482 481 452
484 483 482
486 485 484
455 487 486
515 487 455
488 515 455
499 488 443
555 501 467
503 502 407
468 516 504
469 517 468
517 516 468
459 489 469
489 517 469
505 489 459
471 505 470
506 490 472
473 506 472
474 506 473
2366 507 474
476 521 463
478 492 477
531 478 477
449 531 477
493 531 449
508 493 465
494 508 479
480 495 479
495 494 479
466 495 480
482 496 481
496 512 481
483 496 482
484 497 483
497 496 483
485 497 484
498 497 485
486 498 485
487 498 486
515 498 487
501 500 457
505 518 489
471 519 505
474 520 506
507 520 474
491 1923 462
475 528 491
521 530 475
532 531 493
508 532 493
494 509 508
510 509 494
495 510 494
466 511 495
496 534 512
524 534 496
513 524 496
497 513 496
525 513 497
498 514 497
514 525 497
526 514 498
515 526 498
488 554 515
499 539 488
555 595 501
516 540 2700
519 518 505
490 519 471
557 506 520
491 1924 1923
528 1924 491
475 558 528
530 558 475
476 522 521
522 547 521
549 492 478
523 549 478
531 523 478
509 532 508
511 510 495
512 511 466
534 511 512
525 524 513
526 525 514
539 554 488
500 539 499
457 500 499
503 600 502
516 541 540
517 541 516
527 541 517
489 527 517
518 542 489
542 527 489
519 543 518
490 543 519
544 543 490
506 544 490
574 557 520
507 545 520
545 574 520
558 529 528
521 547 530
548 522 476
550 523 531
532 550 531
510 551 509
511 552 510
552 551 510
533 552 511
534 533 511
524 535 534
536 535 524
525 536 524
537 536 525
526 538 525
538 537 525
515 569 2671
595 500 2688
543 542 518
506 557 544
528 576 1924
529 576 528
530 546 558
547 546 530
492 548 476
549 548 492
551 561 509
535 533 534
537 535 536
526 553 538
553 537 538
569 553 526
554 569 515
595 570 500
599 555 582
600 582 2698
541 583 540
571 583 541
527 572 541
572 571 541
542 556 527
556 572 2691
573 556 542
543 573 542
585 543 544
557 585 544
546 602 558
547 577 546
587 577 547
522 587 547
548 588 522
549 588 548
578 588 549
523 578 549
560 550 532
509 560 532
561 560 509
580 561 551
562 580 551
552 562 551
533 563 552
563 562 552
564 563 533
535 564 533
581 564 535
565 581 535
537 565 535
592 565 537
566 592 537
553 566 537
567 566 553
568 567 553
569 568 553
554 593 569
500 611 539
570 611 500
585 573 543
574 585 557
575 574 545
529 597 576
558 602 529
577 602 546
522 559 587
588 559 522
579 523 550
581 563 564
592 581 565
567 592 566
593 567 568
569 593 568
539 594 554
571 634 583
573 584 556
585 584 573
601 585 574
575 601 574
577 586 602
587 586 577
603 625 587
559 603 587
588 605 559
579 578 523
562 589 580
590 589 562
563 590 562
609 590 563
581 591 563
591 609 563
610 591 581
592 610 581
567 598 592
633 595 555
599 633 555
583 634 614
585 601 584
596 601 575
602 597 529
605 603 559
617 605 588
578 617 588
618 617 578
550 630 579
630 606 579
560 630 550
561 619 560
607 619 561
580 607 561
589 607 580
609 589 590
610 609 591
598 610 592
593 598 567
554 594 593
539 621 594
611 621 539
600 612 582
584 615 556
601 615 584
597 1952 576
586 636 602
587 624 586
625 624 587
604 603 605
627 604 605
629 618 578
579 629 578
647 629 579
606 647 579
560 619 630
609 608 589
598 620 610
620 632 610
593 620 2672
640 620 593
594 640 593
595 622 570
633 622 595
612 599 582
503 613 600
623 642 572
556 623 572
602 636 597
603 616 625
604 616 603
617 627 605
589 631 607
608 631 589
610 608 609
632 608 610
621 640 594
677 621 611
600 613 612
634 650 614
642 571 572
615 623 556
652 623 615
601 652 615
637 636 586
627 626 604
629 645 618
630 647 606
638 630 619
607 648 619
639 632 620
570 622 611
642 634 571
635 1952 597
636 635 597
624 637 586
604 643 2678
628 626 627
617 628 627
653 628 617
618 653 617
645 653 618
638 647 630
631 648 607
608 656 631
622 677 611
613 641 612
652 642 623
667 652 601
636 668 635
637 668 636
658 637 624
625 658 624
643 658 625
616 643 625
626 663 604
628 644 626
653 644 628
629 654 645
647 654 629
648 638 619
631 656 648
659 639 620
640 659 620
633 657 622
599 657 2689
612 657 599
649 657 612
634 651 650
642 651 634
601 2512 667
663 643 604
644 663 626
646 654 647
638 646 647
655 638 648
632 656 608
639 656 632
678 677 622
657 678 622
641 649 612
698 649 641
650 698 641
651 687 2699
661 651 642
652 661 642
667 661 652
658 669 637
643 662 658
671 662 643
672 644 653
645 674 653
654 674 645
655 665 638
656 655 648
639 666 656
659 666 639
640 660 659
690 640 621
687 698 650
2512 700 667
635 681 1952
668 681 635
637 682 668
662 669 658
663 703 643
674 672 653
688 674 654
675 688 654
646 675 654
664 675 646
638 664 646
665 664 638
666 655 656
660 666 659
690 660 640
686 690 621
677 686 621
679 678 657
661 699 651
669 682 637
670 669 662
671 670 662
703 671 643
644 683 663
655 684 665
685 684 655
666 685 655
660 685 666
690 676 660
649 679 657
693 698 687
651 680 2690
667 699 661
681 701 1952
710 668 682
702 682 669
670 702 669
683 703 663
712 683 644
672 712 644
674 673 672
665 684 664
676 685 660
691 686 677
678 691 677
679 691 678
699 680 651
681 694 701
671 703 670
727 683 712
704 673 674
688 704 674
664 714 675
684 689 664
685 706 684
706 685 676
690 696 676
691 708 686
649 697 679
692 697 649
698 692 649
680 693 687
668 709 681
710 709 668
702 710 682
703 711 2679
673 712 672
675 713 688
714 713 675
715 714 664
689 715 664
705 689 684
706 705 684
696 706 676
686 708 690
708 696 690
697 691 679
680 719 693
699 720 680
695 703 683
683 735 695
727 735 683
713 704 688
696 707 706
731 691 697
692 718 697
698 721 692
693 721 698
719 721 693
720 719 680
667 724 699
700 724 667
694 1981 701
709 694 681
670 711 702
695 726 2683
716 707 696
708 716 696
730 708 691
731 717 691
718 731 697
721 718 692
694 738 1981
722 709 710
702 722 710
711 746 702
703 733 711
726 733 703
704 713 673
728 715 689
723 689 705
706 729 705
707 729 706
717 730 691
724 720 699
2520 725 700
2537 725 2520
746 722 702
695 739 726
747 739 695
735 747 695
673 741 712
741 727 712
713 741 673
729 723 705
716 729 707
730 716 708
731 751 717
737 731 718
721 737 718
719 737 721
720 737 719
700 725 724
694 732 738
709 732 694
689 723 728
2537 766 725
745 732 709
722 745 709
726 734 733
739 734 726
736 735 727
741 736 727
714 742 713
716 750 729
717 743 730
737 751 731
724 744 720
725 744 724
748 746 711
733 748 711
735 740 747
736 740 735
713 753 741
715 728 714
728 742 714
730 750 716
743 750 730
751 743 717
755 751 737
720 755 737
744 755 720
757 745 722
746 757 722
753 759 741
742 753 713
729 749 723
750 749 729
739 758 2682
747 758 739
736 763 740
728 768 742
723 764 728
749 764 723
755 754 751
725 766 744
775 732 745
757 775 745
748 752 2680
767 748 733
734 767 733
741 763 736
759 763 741
743 765 750
754 765 743
751 754 743
766 772 744
732 774 738
775 774 732
746 752 757
767 776 748
761 734 758
740 762 747
769 753 742
764 768 728
765 770 750
755 771 754
744 771 755
738 760 756
774 760 738
748 776 752
761 767 734
762 758 747
768 769 742
750 770 749
744 783 771
772 783 744
778 762 740
763 778 740
749 773 764
770 773 749
754 781 765
771 781 754
760 784 756
769 759 753
764 780 768
773 780 764
765 781 770
782 775 757
752 782 757
761 776 767
758 777 761
762 777 758
769 779 759
768 786 769
2598 772 766
776 782 752
778 777 762
759 779 763
769 792 779
780 786 768
781 773 770
2598 790 772
775 797 774
777 785 761
779 778 763
780 787 786
781 795 773
771 788 781
789 788 771
783 789 771
774 796 760
797 796 774
798 775 782
776 805 782
794 805 2681
761 794 776
778 799 777
795 780 773
788 795 781
793 784 760
798 797 775
785 794 761
779 801 778
792 801 779
786 792 769
818 783 772
796 793 760
805 798 782
791 785 777
799 791 777
793 2017 784
780 800 787
795 800 780
788 802 795
803 802 788
789 803 788
783 803 789
772 790 818
801 799 778
786 807 792
787 807 786
804 803 783
785 810 794
807 801 792
818 804 783
793 820 2017
791 810 785
802 812 795
804 809 802
803 804 802
2623 790 2598
813 793 796
813 796 797
810 805 794
791 811 810
787 808 807
800 815 787
795 812 800
802 809 812
799 806 791
815 808 787
804 817 809
801 806 799
807 806 801
818 817 804
800 823 815
809 816 812
790 819 818
813 820 793
810 814 805
814 810 811
806 811 791
800 812 823
817 816 809
798 814 797
805 814 798
808 822 807
812 821 823
816 821 812
818 819 817
822 806 807
815 825 808
790 2623 819
1281 820 813
814 813 797
825 822 808
823 825 815
821 826 823
824 826 821
816 824 821
827 816 817
814 828 813
822 1276 806
816 827 824
819 827 817
823 830 825
828 1281 813
1283 828 814
811 1283 814
825 829 822
830 829 825
826 830 823
826 1278 830
824 1279 826
1280 1279 824
827 1280 824
819 831 827
2623 1295 819
806 1276 811
829 1277 822
1279 1278 826
831 1280 827
1295 831 819
822 1277 1276
1280 1293 1279
831 1282 1280
832 835 833
833 840 836
837 835 832
2048 832 834
836 844 838
840 844 836
2048 837 832
835 840 833
844 839 838
843 840 835
2042 837 2048
845 835 837
845 843 835
2042 841 837
841 845 837
839 847 842
843 849 840
844 847 839
849 844 840
843 846 849
842 851 853
841 2057 845
2045 2057 841
843 850 846
845 848 843
842 847 851
848 850 843
2057 848 845
844 852 847
849 852 844
846 854 849
851 856 853
857 851 847
852 857 847
854 855 849
846 878 854
855 852 849
2041 862 848
2057 2041 848
856 870 853
846 850 858
848 862 850
856 869 870
859 856 851
855 861 852
865 859 851
857 865 851
866 865 857
852 866 857
858 878 846
859 864 856
865 860 859
862 867 850
2041 863 862
864 869 856
867 858 850
869 871 870
866 883 865
878 877 854
863 895 862
865 873 860
852 861 866
855 868 861
877 855 854
864 874 869
860 881 864
859 860 864
883 873 865
858 938 878
874 871 869
881 875 864
873 872 860
866 876 883
861 876 866
877 868 855
886 912 870
871 886 870
875 874 864
872 881 860
868 884 861
877 879 868
938 877 878
895 894 862
875 880 874
884 876 861
879 903 868
894 867 862
874 887 871
880 887 874
881 888 875
890 881 872
873 891 872
883 882 873
892 882 883
938 879 877
871 887 886
875 885 880
888 885 875
889 888 881
890 889 881
891 890 872
882 891 873
893 892 883
876 893 883
884 893 876
868 903 884
867 961 858
886 931 912
880 896 887
905 896 880
906 905 880
885 906 880
897 885 888
898 888 889
899 889 890
908 890 891
909 891 882
910 882 892
893 900 892
884 901 893
903 911 884
913 931 886
887 913 886
897 906 885
907 897 888
898 907 888
899 898 889
908 899 890
909 908 891
910 909 882
900 910 892
901 900 893
902 901 884
911 902 884
930 903 879
938 904 879
923 913 887
896 914 887
915 905 906
926 906 897
916 897 907
917 907 898
927 898 899
908 927 899
909 928 908
900 918 910
901 919 900
902 920 901
911 921 902
879 904 930
858 961 938
894 961 867
895 962 894
924 923 887
914 924 887
905 914 896
925 914 905
915 925 905
926 915 906
916 926 897
917 916 907
927 917 898
928 927 908
910 928 909
918 928 910
929 918 900
919 929 900
920 919 901
921 920 902
922 921 911
903 922 911
937 922 903
930 937 903
931 955 912
939 924 914
925 939 914
932 925 915
926 933 915
933 932 915
943 916 917
927 943 917
928 944 927
918 934 928
920 935 919
921 935 920
937 936 922
962 895 2044
913 946 931
940 939 925
932 940 925
916 933 926
944 943 927
934 944 928
929 934 918
935 929 919
921 945 935
922 945 921
936 945 922
938 982 904
924 947 923
939 948 924
932 941 940
942 941 932
933 942 932
916 942 933
950 942 916
943 950 916
967 943 944
934 958 944
951 958 934
929 951 934
935 951 929
959 951 935
945 952 935
930 960 937
923 956 913
956 946 913
947 956 923
948 947 924
949 948 939
940 949 939
941 949 940
952 959 935
953 952 945
936 953 945
954 953 936
937 954 936
960 954 937
962 961 894
1021 983 955
956 963 946
948 972 947
973 972 948
949 964 948
964 973 948
950 957 942
965 957 950
966 965 950
943 966 950
967 966 943
958 967 944
980 991 951
959 980 951
953 981 952
954 981 953
960 969 954
930 994 960
904 994 930
961 982 938
931 946 955
947 971 956
972 971 947
975 964 949
941 975 949
942 975 941
977 975 942
957 977 942
965 977 957
951 968 958
991 968 951
952 981 959
969 981 954
970 969 960
982 994 904
984 963 956
985 984 956
971 985 956
986 971 972
997 972 973
999 973 964
975 974 964
974 999 964
977 976 975
965 978 977
1003 978 965
988 965 966
967 988 966
989 988 967
958 979 967
979 989 967
990 979 958
968 990 958
980 1017 991
992 980 959
981 992 959
970 1019 969
1021 1009 983
946 1021 955
986 985 971
997 986 972
999 997 973
987 999 974
975 987 974
976 987 975
977 1002 976
1002 987 976
978 1002 977
1003 1002 978
988 1003 965
990 989 979
991 990 968
981 993 992
969 993 981
1019 993 969
994 970 960
963 1010 946
1011 963 984
1024 984 985
995 1024 985
986 995 985
996 995 986
997 996 986
999 998 997
987 1000 999
1013 1000 987
1001 1013 987
1002 1001 987
988 1004 1003
1004 1015 1003
1016 1004 988
989 1016 988
1005 1016 989
990 1005 989
1006 990 991
1017 1006 991
1035 1017 980
992 1035 980
1007 992 993
1018 1007 993
1019 1018 993
1038 1019 970
994 1038 970
2044 1116 962
983 1009 1008
946 1010 1021
1023 1010 963
1011 1023 963
1024 1011 984
998 996 997
999 1012 998
1012 996 998
1000 1012 999
1013 1012 1000
1014 1013 1001
1002 1014 1001
1003 1014 1002
1015 1014 1003
1016 1015 1004
990 1032 1005
1063 1038 994
1063 994 982
962 1020 961
1116 1020 962
1008 1064 1049
1022 1051 1010
1023 1022 1010
1052 1023 1011
1024 1039 1011
1039 1052 1011
996 1040 995
1012 1025 996
1013 1026 1012
1043 1026 1013
1014 1043 1013
1015 1027 1014
1028 1027 1015
1016 1029 1015
1029 1028 1015
1045 1029 1016
1030 1045 1016
1005 1030 1016
1032 1031 1005
990 1033 1032
1006 1033 990
1034 1033 1006
1017 1034 1006
1072 1034 1017
1035 1072 1017
992 1036 1035
1037 1036 992
1007 1037 992
1061 1018 1019
1038 1061 1019
1063 1062 1038
1010 1050 1021
1051 1075 1010
1052 1022 1023
1040 1039 1024
995 1040 1024
996 1041 1040
1025 1041 996
1012 1042 1025
1042 1041 1025
1026 1042 1012
1043 1042 1026
1044 1043 1014
1027 1044 1014
1028 1044 1027
1045 1028 1029
1046 1045 1030
1005 1046 1030
1031 1046 1005
1032 1047 1031
1047 1046 1031
1033 1047 1032
1059 1047 1033
1034 1059 1033
1036 1072 1035
1018 1037 1007
1062 1061 1038
1088 1063 982
1008 1117 1064
1074 1009 1021
1076 1051 1022
1052 1076 1022
1077 1052 1039
1040 1053 1039
1053 1077 1039
1065 1040 1041
1054 1065 1041
1042 1054 1041
1043 1080 1042
1044 1055 1043
1055 1080 1043
1028 1056 1044
1068 1056 1028
1045 1068 1028
1046 1057 1045
1057 1069 1045
1047 1058 1046
1071 1058 1047
1059 1071 1047
1072 1059 1034
1036 1095 1072
1018 1060 1037
1061 1060 1018
961 1088 982
1020 1115 961
1009 1117 1008
1050 1074 1021
1076 1075 1051
1077 1076 1052
1065 1053 1040
1042 1066 1054
1066 1065 1054
1080 1066 1042
1067 1080 1055
1044 1067 1055
1056 1067 1044
1068 1067 1056
1069 1068 1045
1070 1069 1057
1046 1070 1057
1058 1070 1046
1071 1070 1058
1072 1071 1059
1037 1086 1036
1061 1087 1060
1062 1087 1061
1064 1120 1049
1074 1164 1009
1075 1050 1010
1076 1100 1075
1101 1100 1076
1077 1103 1076
1065 1078 1053
1066 1079 1065
1067 1081 1080
1082 1081 1067
1068 1082 1067
1092 1082 1068
1083 1092 1068
1069 1083 1068
1070 1083 1069
1093 1083 1070
1071 1084 1070
1084 1093 1070
1094 1084 1071
1085 1094 1071
1072 1085 1071
1114 1085 1072
1095 1114 1072
1060 1086 1037
1096 1087 1062
1063 1096 1062
1088 1096 1063
1120 1098 1073
1048 1120 1073
1049 1120 1048
1100 1050 1075
1102 1101 1076
1103 1102 1076
1078 1103 1077
1053 1078 1077
1065 1089 1078
1079 1089 1065
1066 1090 1079
1090 1089 1079
1091 1090 1066
1080 1091 1066
1081 1091 1080
1082 1091 1081
1094 1093 1084
1114 1094 1085
1036 1119 1095
1086 1119 1036
961 1115 1088
1098 1184 1097
1117 1120 1064
1164 1117 1009
1103 1152 1102
1078 1104 1103
1089 1105 1078
1106 1105 1089
1090 1106 1089
1091 1107 1090
1107 1106 1090
1082 1122 1091
1123 1122 1082
1092 1108 1082
1108 1123 1082
1118 1108 1092
1083 1109 1092
1109 1118 1092
1110 1109 1083
1093 1110 1083
1111 1110 1093
1094 1112 1093
1112 1111 1093
1113 1112 1094
1114 1113 1094
1095 1126 1114
1127 1126 1095
1119 1127 1095
1060 1129 1086
1184 1130 1097
1120 1184 1098
1100 1099 1050
1101 1099 1100
1152 1101 1102
1103 1121 1152
1104 1121 1103
1105 1121 1104
1078 1105 1104
1091 1122 1107
1122 1106 1107
1118 1123 1108
1110 1118 1109
1113 1111 1112
1126 1113 1114
1086 1129 1119
1087 1129 1060
1050 1151 1074
1099 1151 1050
1101 1139 1099
1152 1139 1101
1106 1140 1105
1142 1140 1106
1122 1142 1106
1118 1143 1123
1132 1143 1118
1110 1124 1118
1124 1132 1118
1133 1124 1110
1111 1125 1110
1125 1133 1110
1113 1149 1111
1119 1128 1127
1115 1096 1088
1169 1115 2645
1074 1136 1164
1151 1136 1074
1137 1151 1099
1139 1137 1099
1105 1140 1121
1131 1142 1122
1123 1131 1122
1143 1131 1123
1133 1132 1124
1134 1133 1125
1111 1134 1125
1149 1134 1111
1135 1149 1113
1126 1135 1113
1127 1135 1126
1128 1135 1127
1096 1129 1087
1139 1138 1137
1140 1141 1121
1142 1141 1140
1132 1144 1143
1145 1144 1132
1146 1145 1132
1133 1146 1132
1134 1147 1133
1147 1146 1133
1153 1147 1134
1148 1153 1134
1149 1148 1134
1135 1150 1149
1128 1150 1135
1119 1155 1128
1129 1155 1119
1115 1156 1096
1116 1169 1020
1184 1163 1130
1157 1120 1117
1138 1151 1137
1152 1138 1139
1121 1141 1152
1175 1141 1142
1131 1175 1142
1143 1144 1131
1153 1146 1147
1154 1153 1148
1149 1154 1148
1150 1154 1149
1128 1155 1150
1129 1162 1155
1096 1162 1129
1156 1162 2644
1171 1117 1164
1151 1158 1136
1138 1158 1151
1152 1165 1138
1165 1173 1138
1141 1165 1152
1159 1165 1141
1175 1159 1141
1176 1175 1131
1144 1160 1131
1160 1176 1131
1145 1166 1144
1178 1166 1145
1179 1145 1146
1153 1161 1146
1161 1179 1146
1181 1161 1153
1154 1182 1153
1182 1181 1153
1167 1154 1150
1155 1167 1150
1168 1167 1155
1162 1168 1155
1200 1184 1120
1157 1200 1120
1136 1158 1164
1173 1158 1138
1166 1176 1160
1144 1166 1160
1179 1178 1145
1181 1179 1161
1167 1182 1154
1184 1170 1163
1117 1171 1157
1158 1171 1164
1173 1172 1158
1165 1174 1173
1175 1185 1159
1166 1177 1176
1178 1177 1166
1181 1180 1179
1167 1183 1182
1168 1183 1167
1162 1195 1168
1191 1195 1162
1116 1199 1169
1172 1171 1158
1174 1172 2642
1186 1174 1165
1159 1186 1165
1185 1186 1159
1176 1185 1175
1180 1177 1178
1179 1180 1178
1183 1181 1182
1195 1183 1168
1156 1191 1162
2038 1199 1116
1203 1170 1184
1200 1203 1184
1206 1200 1157
1171 1206 1157
1172 1188 1171
1188 1205 1171
1189 1188 1172
1174 1189 1172
1186 1189 1174
1185 1187 1186
1190 1177 1180
1181 1190 1180
1198 1156 1115
1169 1198 1115
1187 1189 1186
1185 1192 1187
1176 1192 1185
1177 1192 1176
1194 1190 2643
1183 1194 1181
1195 1194 1183
1203 1744 1170
1189 1201 1188
1187 1196 1189
1177 1193 1192
1190 1193 1177
1194 1197 1190
1156 1198 1191
1201 1205 1188
1196 1201 1189
1192 1196 1187
1193 1196 1192
1197 1193 1190
1211 1197 1194
1195 1211 1194
1191 1211 1195
1204 1206 1171
1205 1204 1171
1201 1218 1205
1197 1207 1193
1211 1207 1197
1208 1198 1169
1230 1199 2038
1202 1230 2038
1210 1201 1196
1207 1210 1196
1193 1207 1196
1198 1213 1191
1199 1208 1169
1200 1216 1203
1216 1224 1203
1206 1216 1200
1205 1217 1204
1218 1221 1205
1191 1212 1211
1198 1208 1213
1209 1216 1206
1204 1209 1206
1221 1217 1205
1210 1218 1201
1213 1212 1191
1203 1224 1744
1210 1215 1218
1207 1222 1210
1211 1222 1207
1230 1208 1199
1202 1214 1230
1219 1231 1209
1204 1219 1209
1217 1219 1204
1212 1222 1211
1208 1223 1213
1230 1236 1208
1221 1218 1215
1212 1229 1222
1234 1212 1213
1223 1234 1213
1209 1225 1216
1231 1225 1209
1220 1215 1210
1222 1220 1210
1224 1745 1744
1216 1225 1224
1233 1231 1219
1226 1233 1219
1236 1223 1208
1217 1226 1219
1221 1227 1217
1222 1229 1220
1227 1226 1217
1215 1227 1221
1228 1215 1220
1229 1228 1220
1234 1229 1212
1225 1745 1224
1214 1232 1230
1239 1233 1226
1234 1237 1229
1235 1234 1223
1236 1235 1223
1225 1244 1745
1237 1228 1229
1230 1232 1236
1214 1243 1232
2040 1243 1214
1231 1244 1225
1227 1239 1226
1240 1227 1215
1228 1240 1215
1235 1241 1234
1246 1244 1231
1233 1246 1231
1241 1237 1234
1232 1242 1236
1238 1246 1233
1239 1238 1233
1240 1239 1227
1237 1240 1228
1242 1235 1236
1237 1245 1240
1251 1239 1240
1241 1245 1237
1244 1749 1745
1245 1251 1240
1247 1243 2040
1246 1248 1244
1235 1259 1241
1242 1259 1235
1232 1256 1242
1253 1256 1232
1243 1253 1232
1244 1746 1749
1248 1746 1244
1251 1250 1239
1252 1251 1245
1259 1252 1241
1249 1248 1246
1238 1249 1246
1250 1238 1239
1252 1245 1241
1247 1253 1243
1238 1255 1249
1250 1255 1238
1249 1254 1248
1251 1257 1250
1262 1257 1251
1252 1262 1251
1248 1263 1746
1265 1263 1248
1254 1265 1248
1250 1257 1255
1256 1259 1242
1255 1261 1249
1258 1262 1252
1253 1274 1256
1261 1254 1249
1268 1261 1255
1259 1258 1252
1263 5 1746
1257 1268 1255
1259 1260 1258
1256 1260 1259
5 1750 1746
1266 1268 1257
1262 1266 1257
1265 1264 1263
1267 1265 1254
1272 1254 1261
1 1261 1268
1273 1266 1262
1258 1273 1262
1260 1273 1258
1274 1260 1256
1247 3 1253
1267 1264 1265
3 1274 1253
2066 3 1247
1264 1270 1263
1254 1271 1267
1272 1271 1254
1 1272 1261
1266 1 1268
1260 2 1273
2066 2058 3
1263 1270 5
1266 1269 1
1273 1269 1266
1274 2 1260
1267 7 1264
0 11 1267
1271 0 1267
9 1271 1272
7 1270 1264
11 7 1267
9 0 1271
1275 1269 1273
2 1275 1273
4 1272 1
1269 4 1
1275 6 1269
1276 1283 811
1276 1289 1283
1279 1286 1278
1293 1286 1279
831 1307 1282
1285 1284 820
1281 1285 820
1283 1281 828
1290 1276 1277
829 1290 1277
1286 1287 830
1278 1286 830
1280 1294 1293
1282 1294 1280
1295 1307 831
829 1297 1290
830 1297 829
1287 1297 830
1299 1294 1282
1307 1299 1282
2623 1296 1295
1301 1285 1281
1288 1301 1281
1283 1288 1281
1289 1288 1283
1290 1289 1276
1285 1308 1284
1290 1291 1289
1297 1291 1290
1304 1287 1286
1292 1304 1286
1293 1292 1286
1294 1298 1293
1306 1294 1299
1301 1308 1285
1291 1288 1289
1287 1302 1297
1298 1292 1293
1306 1298 1294
1296 1300 1295
1288 1303 1301
1287 1305 1302
1295 1300 1307
1291 1303 1288
1302 1291 1297
1304 1305 1287
1303 1308 1301
1307 1314 1299
1291 1309 1303
1291 1302 1309
1304 1311 1305
1292 1311 1304
1314 1306 1299
1300 1314 1307
2638 1300 1296
1321 2033 1308
1303 1309 1308
1302 1310 1309
1305 1313 1302
1298 1315 1292
1306 1312 1298
1314 1312 1306
1317 1321 1308
1302 1313 1310
1311 1313 1305
1292 1318 1311
1300 1316 1314
1309 1317 1308
1315 1318 1292
1312 1315 1298
2638 1316 1300
1319 1317 1309
1310 1319 1309
1313 1319 1310
1311 1322 1313
1318 1322 1311
1312 1331 1315
1322 1323 1313
1326 1324 1318
1315 1326 1318
1331 1326 1315
1312 1329 1331
1314 1329 1312
1320 1329 1314
1316 1320 1314
1323 1319 1313
1318 1324 1322
1317 1325 1321
1316 1330 1320
2638 1330 1316
1319 1325 1317
1323 1337 1319
2638 1332 1330
2636 1332 2638
1325 2037 1321
1322 1327 1323
1328 1327 1322
1324 1328 1322
1330 1336 1320
1331 1333 1326
1336 1334 1320
2037 2034 1321
1337 1325 1319
1327 1337 1323
1326 1328 1324
1338 1333 1331
1320 1334 1329
1329 1338 1331
1349 1338 1329
1325 1337 1343
1327 1344 1337
1328 1335 1327
1326 1333 1328
1334 1349 1329
1342 1330 1332
1333 1340 1328
1342 1336 1330
1343 2037 1325
1339 1343 1337
1344 1339 1337
1328 1340 1335
1348 1344 1327
1335 1348 1327
1338 1346 1333
1336 1347 1334
1346 1340 1333
1342 1347 1336
1340 1345 1335
1341 1349 1334
1347 1341 1334
1345 1348 1335
1357 1346 1338
1349 1357 1338
1363 1350 2037
1343 1363 2037
1344 1358 1339
1348 1351 1344
1345 1359 1348
1340 1355 1345
1346 1353 1340
1342 1371 1347
2629 1352 1342
1358 1343 1339
1354 1358 1344
1351 1354 1344
1353 1355 1340
1341 1357 1349
1359 1351 1348
1357 1356 1346
1341 1362 1357
1352 1371 1342
1355 1359 1345
1356 1353 1346
2629 2633 1352
1353 1366 1355
1356 1360 1353
1376 1356 1357
1362 1376 1357
1347 1362 1341
1364 1363 1343
1361 1359 1355
1366 1361 1355
1360 1366 1353
1377 1347 1371
1373 1354 1351
1359 1365 1351
1361 1374 1359
1366 1370 1361
1360 1367 1366
1391 1360 1356
1376 1391 1356
1358 1364 1343
1374 1365 1359
1369 1374 1361
1370 1369 1361
1367 1370 1366
1368 1367 1360
1391 1368 1360
1392 1376 1362
1377 1362 1347
1364 1378 1363
1358 1397 1364
1365 1373 1351
1385 1365 1374
1370 1375 1369
1367 1380 1370
1368 1381 1367
1391 1383 1368
1435 1397 1358
1354 1435 1358
1372 1435 1354
1354 1373 1372
1369 1385 1374
1379 1385 1369
1387 1379 1369
1375 1387 1369
1380 1375 1370
1367 1381 1380
1382 1381 1368
1383 1382 1368
1407 1391 1376
1392 1407 1376
1393 1378 1364
1365 1384 1373
1385 1384 1365
1399 1385 1379
1386 1399 1379
1387 1386 1379
1388 1387 1375
1394 1388 1375
1380 1394 1375
1389 1381 1382
1383 1389 1382
1405 1390 1383
1406 1391 1407
1478 1392 1362
1377 1478 1362
1397 1393 1364
1373 1414 1372
1384 1414 1373
1385 1398 1384
1399 1398 1385
1388 1386 1387
1381 1394 1380
1401 1394 1381
1402 1401 1381
1389 1402 1381
1390 1389 1383
1406 1405 1383
1391 1406 1383
1371 1495 2654
1352 1433 1371
1398 1416 1384
1386 1400 1399
1388 1408 1386
1419 1388 1394
1401 1419 1394
1404 1403 1389
1390 1404 1389
1406 1412 1405
1407 1426 1406
1450 1407 2655
1495 1478 1377
1433 1495 1371
1396 1393 1397
1435 1396 1397
1413 1435 1372
1384 1415 1414
1416 1415 1384
1398 1418 1416
1399 1418 1398
1439 1418 1399
1400 1439 1399
1408 1400 1386
1409 1419 1401
1402 1409 1401
1410 1409 1402
1389 1410 1402
1403 1410 1389
1411 1403 1404
1390 1411 1404
1405 1411 1390
1412 1411 1405
1406 1424 1412
1425 1424 1406
1426 1425 1406
1478 1450 1392
1395 1433 1352
1414 1413 1372
1416 1427 1415
1417 1416 1418
1443 1408 1388
1419 1443 1388
1409 1429 1419
1430 1409 1410
1411 1420 1403
1421 1420 1411
1412 1422 1411
1422 1421 1411
1446 1422 1412
1424 1423 1412
1423 1446 1412
1432 1423 1424
1426 1449 1425
1393 1434 1378
1415 1437 1414
1427 1437 1415
1417 1427 1416
1439 1417 1418
1408 1441 1400
1442 1441 1408
1443 1442 1408
1428 1443 1419
1429 1428 1419
1430 1429 1409
1403 1431 1410
1431 1430 1410
1420 1431 1403
1421 1431 1420
1446 1421 1422
1432 1446 1423
1448 1432 1424
1425 1448 1424
1407 1449 1426
1450 1449 1407
1451 1434 1393
1435 1522 1396
1437 1436 1414
1438 1437 1427
1417 1438 1427
1460 1439 1400
1440 1460 1400
1441 1440 1400
1453 1442 1443
1444 1455 1430
1431 1444 1430
1467 1444 1431
1445 1467 1431
1421 1445 1431
1432 1447 1446
1469 1447 1432
1448 1469 1432
1425 1457 1448
1449 1491 1425
1436 1413 1414
1452 1438 1417
1439 1452 1417
1442 1453 1441
1453 1440 1441
1464 1453 1443
1428 1464 1443
1454 1464 1428
1429 1454 1428
1430 1454 1429
1455 1454 1430
1467 1455 1444
1456 1467 1445
1421 1456 1445
1446 1456 1421
1447 1456 1446
1457 1469 1448
1425 1491 1457
1450 1493 1449
1494 1493 1450
1477 1494 1450
1478 1477 1450
1393 1458 1451
1396 1479 1393
1413 1496 1435
1497 1436 1437
1438 1497 1437
1439 1470 1452
1459 1470 1439
1460 1459 1439
1453 1461 1440
1482 1461 1453
1462 1482 1453
1464 1463 1453
1463 1462 1453
1485 1464 1454
1465 1485 1454
1455 1465 1454
1486 1465 1455
1467 1466 1455
1466 1486 1455
1472 1466 1467
1473 1467 1456
1447 1468 1456
1468 1473 1456
1474 1468 1447
1469 1474 1447
1457 1476 1469
1491 1476 1457
1479 1458 1393
1496 1522 1435
1452 1498 1438
1440 1461 1460
1461 1459 1460
1471 1462 1463
1464 1471 1463
1485 1471 1464
1486 1485 1465
1472 1486 1466
1473 1472 1467
1474 1473 1468
1475 1474 1469
1476 1475 1469
1449 1493 1491
1438 1480 1497
1498 1480 1438
1470 1481 1452
1459 1481 1470
1461 1499 1459
1509 1499 1461
1482 1509 1461
1500 1509 1482
1471 1483 1462
1502 1483 1471
1484 1502 1471
1485 1484 1471
1503 1484 1485
1472 1487 1486
1505 1472 1473
1474 1488 1473
1488 1505 1473
1489 1488 1474
1475 1490 1474
1490 1489 1474
1476 1518 1475
1506 1518 1476
1491 1519 1476
1493 1492 1491
1478 1603 1477
2637 1495 1433
1522 1507 1396
1436 1523 1413
1452 1481 1498
1499 1481 1459
1462 1501 1482
1501 1500 1482
1483 1501 1462
1502 1501 1483
1503 1502 1484
1486 1514 1485
1514 1503 1485
1487 1514 1486
1504 1514 1487
1472 1504 1487
1505 1504 1472
1489 1505 1488
1518 1489 1490
1475 1518 1490
1519 1506 1476
1520 1492 1493
1494 1520 1493
1521 1550 1494
1477 1521 1494
1396 1507 1479
1497 1523 1436
1481 1524 1498
1525 1524 1481
1499 1526 1481
1536 1526 1499
1508 1536 1499
1509 1508 1499
1538 1508 1509
1527 1509 1500
1510 1527 1500
1501 1510 1500
1528 1510 1501
1511 1501 1502
1503 1512 1502
1512 1511 1502
1529 1512 1503
1513 1529 1503
1514 1513 1503
1504 1515 1514
1505 1516 1504
1516 1515 1504
1531 1516 1505
1489 1517 1505
1517 1531 1505
1518 1533 1489
1498 1524 1480
1526 1525 1481
1538 1536 1508
1527 1538 1509
1528 1527 1510
1511 1528 1501
1529 1511 1512
1514 1530 1513
1530 1529 1513
1515 1530 1514
1531 1515 1516
1489 1532 1517
1532 1531 1517
1533 1532 1489
1518 1548 1533
1506 1548 1518
1492 1519 1491
1494 1534 1520
1550 1534 1494
1495 1577 1478
1496 1551 1522
1562 1497 1480
1524 1562 1480
1525 1535 1524
1526 1535 1525
1552 1535 1526
1536 1552 1526
1538 1537 1536
1565 1538 1527
1539 1565 1527
1528 1539 1527
1540 1539 1528
1541 1540 1528
1511 1541 1528
1529 1542 1511
1543 1542 1529
1530 1543 1529
1515 1544 1530
1531 1545 1515
1573 1545 1531
1546 1573 1531
1532 1546 1531
1556 1546 1532
1533 1547 1532
1547 1556 1532
1548 1547 1533
1506 1575 1548
1519 1549 1506
1576 1519 1492
1520 1576 1492
1577 1603 1478
1561 1551 1496
1497 1606 1523
1535 1562 1524
1537 1552 1536
1538 1553 1537
1565 1553 1538
1540 1565 1539
1511 1554 1541
1554 1540 1541
1542 1554 1511
1530 1571 1543
1571 1542 1543
1544 1571 1530
1555 1571 1544
1515 1555 1544
1545 1555 1515
1573 1555 1545
1556 1573 1546
1548 1557 1547
1557 1556 1547
1575 1557 1548
1549 1575 1506
1558 1549 1519
1576 1558 1519
1559 1576 1520
1534 1560 1520
1560 1559 1520
1550 1560 1534
1521 1560 1550
1586 1561 1496
1413 1586 1496
1606 1625 1523
1562 1606 1497
1552 1563 1535
1537 1579 1552
1565 1564 1553
1566 1588 1565
1540 1566 1565
1554 1567 1540
1568 1567 1554
1569 1568 1554
1542 1569 1554
1581 1569 1542
1570 1581 1542
1571 1570 1542
1555 1572 1571
1556 1574 1573
1582 1556 1557
1575 1582 1557
1559 1584 1576
1600 1585 1559
1560 1600 1559
1521 1621 1602
1495 1578 1577
1653 1578 1495
1653 1495 2637
1523 1586 1413
1535 1563 1562
1552 1579 1563
1537 1587 1579
1553 1587 1537
1564 1587 1553
1588 1564 1565
1580 1588 1566
1540 1580 1566
1567 1580 1540
1568 1580 1567
1581 1568 1569
1572 1570 1571
1594 1570 1572
1555 1594 1572
1595 1594 1555
1573 1595 1555
1574 1595 1573
1582 1574 1556
1575 1598 1582
1583 1598 1575
1549 1583 1575
1558 1583 1549
1584 1558 1576
1585 1584 1559
1601 1600 1560
1602 1601 1560
1521 1602 1560
1477 1621 1521
1625 1586 1523
1563 1607 1562
1564 1608 1587
1610 1608 1564
1588 1610 1564
1580 1605 1588
1568 1589 1580
1612 1589 1568
1590 1612 1568
1581 1590 1568
1591 1590 1581
1570 1592 1581
1592 1591 1581
1594 1593 1570
1574 1596 1595
1582 1597 1574
1619 1558 1584
1619 1584 1585
1599 1619 1585
1600 1599 1585
1579 1604 1563
1587 1604 1579
1608 1604 1587
1605 1610 1588
1580 1611 1605
1589 1611 1580
1612 1611 1589
1591 1612 1590
1593 1591 1592
1570 1593 1592
1594 1615 1593
1595 1615 1594
1616 1615 1595
1596 1616 1595
1574 1617 1596
1617 1616 1596
1597 1617 1574
1598 1597 1582
1558 1618 1583
1619 1618 1558
1601 1599 1600
1603 1621 1477
1660 1606 1562
1607 1660 1562
1609 1608 1610
1612 1627 1611
1591 1629 1612
1593 1613 1591
1615 1614 1593
1617 1630 1616
1598 1632 1597
1583 1632 1598
1633 1632 1583
1618 1633 1583
1624 1618 1619
1635 1634 1619
1599 1635 1619
1620 1635 1599
1601 1620 1599
1636 1620 1601
1602 1636 1601
1604 1607 1563
1605 1622 1610
1622 1609 1610
1611 1622 1605
1627 1622 1611
1612 1628 1627
1629 1628 1612
1613 1629 1591
1623 1629 1613
1593 1623 1613
1614 1623 1593
1616 1614 1615
1630 1614 1616
1632 1617 1597
1634 1624 1619
1577 1659 1603
1626 1607 1604
1608 1626 1604
1609 1637 1608
1622 1637 1609
1627 1643 1622
1629 1646 1628
1632 1631 1617
1640 1631 1632
1633 1640 1632
1624 1650 1618
1634 1641 1624
1620 1658 1635
1602 1652 1636
1659 1621 1603
1685 1659 1577
1606 1678 1625
1660 1678 1606
1637 1626 1608
1643 1637 1622
1627 1638 1643
1628 1638 1627
1646 1638 1628
1629 1654 1646
1639 1654 1629
1623 1639 1629
1614 1639 1623
1655 1639 1614
1630 1655 1614
1647 1655 1630
1617 1631 1630
1631 1647 1630
1648 1640 1633
1618 1650 1633
1650 1648 1633
1641 1650 1624
1635 1657 1634
1657 1641 1634
1658 1657 1635
1636 1658 1620
1621 1652 1602
1675 1607 1626
1637 1642 1626
1638 1644 1643
1645 1644 1638
1646 1645 1638
1667 1647 1631
1670 1667 1631
1640 1670 1631
1648 1670 1640
1650 1649 1648
1651 1650 1641
1657 1651 1641
1652 1658 1636
1642 1675 1626
1643 1644 1637
1644 1642 1637
1646 1662 1645
1654 1662 1646
1656 1649 1650
1651 1656 1650
1675 1660 1607
1661 1642 1644
1645 1661 1644
1662 1661 1645
1654 1676 1662
1639 1663 1654
1655 1664 1639
1665 1664 1655
1647 1665 1655
1666 1665 1647
1667 1666 1647
1669 1668 1667
1670 1669 1667
1671 1669 1670
1648 1671 1670
1649 1672 1648
1656 1673 1649
1651 1674 1656
1657 1677 1651
1658 1683 1657
1683 1677 1657
1652 1683 1658
1662 1676 1661
1654 1663 1676
1639 1664 1663
1668 1666 1667
1672 1671 1648
1673 1672 1649
1674 1673 1656
1677 1674 1651
1621 1684 1652
1653 1704 1578
1675 1688 1660
1642 1689 1675
1661 1690 1642
1663 1679 1676
1664 1680 1663
1665 1681 1664
1666 1681 1665
1668 1682 1666
1669 1691 1668
1671 1693 1669
1672 1687 1671
1673 1687 1672
1694 1673 1674
1677 1694 1674
1659 1684 1621
1660 1711 1678
1688 1711 1660
1689 1688 1675
1690 1689 1642
1676 1690 1661
1679 1690 1676
1663 1680 1679
1681 1680 1664
1666 1682 1681
1668 1691 1682
1669 1693 1691
1671 1686 1693
1687 1686 1671
1694 1687 1673
1683 1694 1677
1684 1683 1652
1577 1578 1707
1653 1695 1704
1708 1688 1689
1681 1702 1680
1682 1702 1681
1691 1697 1682
1693 1692 1691
1687 1698 1686
1699 1698 1687
1694 1699 1687
1700 1694 1683
1680 1696 1679
1696 1690 1679
1680 1702 1696
1682 1697 1702
1692 1697 1691
1698 1692 1693
1686 1698 1693
1707 1685 1577
1703 1708 1689
1690 1703 1689
1699 1705 1698
1694 1706 1699
1684 1700 1683
1708 1711 1688
1696 1703 1690
1702 1701 1696
1705 1692 1698
1706 1705 1699
1700 1706 1694
1704 1707 1578
1712 1708 1703
1696 1715 1703
1701 1715 1696
1697 1701 1702
1714 1705 1706
1709 1700 1684
1719 1684 1659
1695 1710 1704
1715 1712 1703
1705 1716 1692
1685 1719 1659
1717 1707 1704
1710 1717 1704
1713 1701 1697
1713 1697 1692
1716 1713 1692
1714 1716 1705
1709 1706 1700
1712 1711 1708
1719 1709 1684
1712 1721 1711
1715 1718 1712
1701 1718 1715
1713 1722 1701
1723 1706 1709
1685 1725 1719
1707 1725 1685
1722 1718 1701
1720 1722 1713
1723 1714 1706
1718 1721 1712
1716 1720 1713
1720 1716 1714
1723 1720 1714
1719 1724 1709
1725 1724 1719
1717 1725 1707
1718 1730 1721
1710 2635 1717
1723 1726 1720
1709 1724 1723
1722 1730 1718
1720 1731 1722
1720 1726 1731
1728 1726 1723
1724 1728 1723
1725 1732 1724
1731 1730 1722
1724 1736 1728
2635 1727 1717
1732 1736 1724
1734 1732 1725
1717 1734 1725
1727 1734 1717
2639 1729 2635
2635 1729 1727
1734 1737 1732
1728 1733 1726
1731 1735 1730
1726 1733 1731
1737 1736 1732
1733 1735 1731
1736 1733 1728
1727 1737 1734
1736 1738 1733
1737 1739 1736
1729 1739 1727
1739 1737 1727
1742 1729 2641
1743 1738 1736
1740 1736 1739
1742 1739 1729
1742 1741 1739
1740 1743 1736
1739 1741 1740
1744 1747 1170
1747 1163 1170
1747 1748 1163
1745 1752 1744
1746 1755 1749
31 1750 5
1747 1751 1748
1749 1752 1745
1744 1753 1747
1749 1756 1752
1752 1753 1744
1756 1753 1752
1746 1759 1755
1750 1759 2656
1747 1754 1751
1753 1754 1747
1749 1755 1756
1757 1754 1753
1756 1757 1753
1759 1762 1755
1757 1760 1754
1755 1761 1756
1760 1758 1754
1761 1757 1756
1757 1769 1760
1761 1764 1757
1755 1762 1761
1750 1767 1759
1764 1769 1757
1762 1766 1761
1769 1763 1760
31 1767 1750
51 1767 31
1766 1764 1761
1759 1765 1762
1767 1765 1759
1767 1771 1765
1769 1768 1763
1762 1774 1766
1766 1773 1764
1765 1775 1762
1771 1770 1765
51 1771 1767
1769 1772 1768
1773 1769 1764
1775 1774 1762
1770 1775 1765
1777 1772 1769
1777 1776 1772
1773 1777 1769
1766 1780 1773
1774 1780 1766
1775 1778 1774
1778 1780 1774
1782 1778 1775
1770 1782 1775
1771 1783 2657
1784 1783 1771
51 1784 1771
83 1784 51
1773 1779 1777
1780 1786 1773
1782 1781 1778
1773 1786 1779
1787 1780 1778
1781 1787 1778
1783 1782 1770
1784 1796 1783
1779 1788 1785
1786 1788 1779
1791 1786 1780
1787 1791 1780
1794 1788 1786
1791 1794 1786
1781 1792 1787
1789 1792 1781
1782 1789 1781
1795 1789 1782
1783 1795 1782
1796 1795 1783
1794 1790 1788
83 101 1784
1794 1793 1790
1791 1802 1794
101 1799 1784
1800 1802 1791
1787 1800 1791
1792 1800 1787
1796 1803 1795
1799 1796 1784
1794 1797 1793
1802 1797 1794
1800 1810 1802
1813 1800 1792
1796 1798 1803
1806 1798 2658
1799 1806 1796
1804 1799 101
1802 1801 1797
1789 1813 1792
1803 1789 1795
1810 1805 1802
1789 1821 1813
1807 1821 1789
1802 1805 1801
1800 1813 1810
1803 1807 1789
1798 1807 1803
1799 1804 1806
1810 1809 1805
1821 1811 1813
1798 1815 1807
1816 1812 1806
1804 1816 1806
1807 1815 1821
1798 1808 1815
1806 1808 1798
1812 1808 1806
1823 1804 132
1810 1814 1809
1813 1814 1810
1811 1820 1813
1808 1827 1815
1804 1829 1816
1817 1823 132
1813 1820 1814
1804 1823 1829
1819 1818 1814
1820 1819 1814
1824 1820 1811
1821 1824 1811
1815 1825 1821
1826 1825 1815
1827 1826 1815
1828 1827 1808
1812 1828 1808
1822 1828 1812
1816 1822 1812
1829 1822 1816
1825 1824 1821
1820 1832 1819
1833 1832 1820
1824 1833 1820
1834 1833 1824
1825 1834 1824
1826 1830 1825
1831 1830 1826
1827 1831 1826
1828 1831 1827
1817 1835 1823
1832 1838 1819
1830 1834 1825
1822 1847 1828
1829 1837 2659
1842 1837 1829
1823 1842 1829
1843 1842 1823
1835 1843 1823
1832 1839 1838
1833 1840 1832
1840 1839 1832
1844 1840 1833
1834 1844 1833
1836 1844 1834
1830 1836 1834
1831 1836 1830
1841 1836 1831
1828 1841 1831
1847 1841 1828
1822 1837 1847
1817 224 1835
1839 1848 1838
1840 1849 1839
1844 1849 1840
1836 1845 1844
1846 1845 1836
1841 1855 1836
1847 1857 1841
1842 1852 1837
1835 1850 1843
1859 1850 1835
224 1859 1835
1845 1849 1844
1855 1846 1836
1837 1857 1847
1858 1857 1837
1852 1858 1837
1842 1850 1852
1843 1850 1842
1839 1860 1848
1851 1860 1839
1849 1851 1839
1845 1853 1849
1853 1865 1849
1856 1855 1841
1857 1856 1841
1865 1851 1849
1846 1853 1845
1854 1853 1846
1855 1854 1846
1862 1856 1857
1850 1875 2660
1859 287 1850
1853 1866 1865
1861 1854 1855
1856 1861 1855
1858 1871 1857
1871 1862 1857
1868 1871 1858
1852 1868 1858
1875 1868 1852
1863 1875 1850
287 1863 1850
224 287 1859
1867 1866 1853
1854 1867 1853
1862 1861 1856
1851 1864 1860
1866 1876 1865
1861 1870 1854
1871 1873 1862
1851 1869 1864
1865 1869 1851
1876 1869 1865
1870 1867 1854
1874 1870 1861
1862 1874 1861
1873 1872 1862
1868 1881 1871
1875 1881 1868
1876 1880 1869
1877 1876 1866
1867 1877 1866
1870 1877 1867
1862 1872 1874
1871 1879 1873
1881 1879 1871
287 359 1863
359 1875 1863
1884 1872 1873
1879 1884 1873
1877 1882 1876
1878 1877 1870
1874 1878 1870
1876 1882 1880
1887 1882 1877
1878 1887 1877
1883 1878 1874
1872 1883 1874
1884 1883 1872
1881 1892 1879
1899 1881 1875
1882 1885 1880
1887 1886 1882
1879 1889 1884
1892 1889 1879
1882 1890 1885
1886 1890 1882
1888 1887 1878
1883 1888 1878
1895 1883 1884
1889 1895 1884
1899 1892 1881
1890 1896 1885
1894 1886 1887
1888 1894 1887
1895 1888 1883
1890 1893 1896
1886 1891 1890
1891 1893 1890
1894 1891 1886
1895 1898 1888
1893 1900 1896
1891 1897 1893
1897 1900 1893
1894 1901 1891
1901 1897 1891
1888 1902 1894
1898 1902 1888
1895 1903 1898
1889 1903 1895
1905 1889 1892
1900 1904 1896
1902 1901 1894
1899 1909 1892
462 1909 1899
1897 1906 1900
1889 1905 1903
1892 1909 1905
1906 1904 1900
1902 1908 1901
1898 1908 1902
1911 1908 1898
1923 1914 1909
462 1923 1909
1907 1906 1897
1901 1907 1897
1908 1907 1901
1903 1918 1898
1918 1911 1898
1905 1918 1903
1909 1913 1905
1906 1910 1904
1912 1918 1905
1913 1912 1905
1916 1915 1910
1906 1919 1910
1919 1916 1910
1907 1919 1906
1908 1920 1907
1917 1920 1908
1911 1917 1908
1914 1913 1909
1920 1919 1907
1921 1911 1918
1927 1912 1913
1914 1927 1913
1916 1928 1915
1925 1920 1917
1911 1921 1917
1926 1921 1918
1912 1926 1918
1920 1922 1919
1925 1922 1920
1921 1925 1917
1929 1928 1916
1919 1929 1916
1930 1929 1919
1922 1930 1919
1925 1940 1922
1940 1935 1922
1912 1931 1926
1927 1931 1912
1914 1932 1927
1923 1932 1914
1924 1932 1923
1933 1932 1924
576 1933 1924
1935 1930 1922
1925 1936 1940
1937 1936 1925
1921 1937 1925
1926 1937 1921
1947 1931 1927
1932 1947 2661
1929 1934 1928
1938 1934 1929
1930 1938 1929
1942 1947 1932
1933 1942 1932
1938 1943 1934
1930 1939 1938
1935 1939 1930
1940 1939 1935
1937 1941 1936
1926 1946 1937
1946 1941 1937
1931 1946 1926
1938 1948 1943
1944 1948 1938
1939 1944 1938
1945 1944 1939
1949 1939 1940
1936 1949 1940
1941 1949 1936
1947 1946 1931
1933 1951 1942
576 1952 1933
1952 1951 1933
1949 1945 1939
1941 1950 1949
1946 1958 1941
1958 1950 1941
1954 1948 1944
1945 1954 1944
1955 1954 1945
1949 1957 1945
1950 1956 1949
1946 1970 1958
1959 1946 1947
1942 1959 1947
1951 1959 1942
1954 1953 1948
1957 1955 1945
1956 1957 1949
1950 1969 1956
1958 1969 1950
1959 1970 2662
1961 1960 1953
1954 1961 1953
1965 1961 1954
1966 1965 1954
1955 1966 1954
1969 1968 1956
1963 1970 1959
1957 1966 1955
1967 1966 1957
1956 1967 1957
1968 1967 1956
1958 1962 1969
1970 1962 1958
1951 1963 1959
701 1951 1952
1961 1964 1960
1972 1964 1961
1965 1972 1961
1975 1970 1963
701 1963 1951
1972 1971 1964
1962 1974 1969
1975 1962 1970
701 1975 1963
1966 1977 1965
1967 1977 1966
1968 1973 1967
1974 1973 1968
1969 1974 1968
1975 1974 1962
1972 1976 1971
1965 1979 1972
1973 1977 1967
1977 1979 1965
1980 1973 1974
1984 1974 2663
1981 1975 701
1976 1986 1978
1972 1986 1976
1980 1977 1973
1983 1980 1974
1984 1983 1974
1981 1984 1975
1972 1987 1986
1988 1972 1979
1983 1982 1980
1988 1987 1972
1977 1990 1979
1980 1990 1977
1989 1984 1981
1986 1987 1985
1987 1996 1985
1990 1988 1979
1982 1994 1980
1989 1982 1983
1984 1989 1983
738 1989 1981
1992 1987 1988
1980 1997 1990
1994 1997 1980
1993 1992 1988
1990 1993 1988
1997 1993 1990
1996 1995 1991
1987 1992 1996
756 1989 738
2003 1998 1995
1996 2003 1995
1992 2003 1996
1993 1999 1992
1997 1999 1993
2007 1997 1994
2008 1994 1982
1989 2008 1982
2000 1999 1997
2007 2000 1997
2009 2008 1989
756 2009 1989
2003 2001 1998
2006 2003 1992
1999 2006 1992
2008 2007 1994
2002 2004 2001
2003 2002 2001
2005 2002 2003
2006 2005 2003
756 784 2009
2010 2006 1999
2000 2010 1999
2007 2014 2000
2008 2014 2664
2019 2014 2008
2009 2019 2008
2014 2010 2000
2015 2013 2002
2005 2011 2002
2012 2005 2006
2010 2012 2006
2002 2011 2015
2012 2011 2005
2016 2012 2010
2014 2016 2010
2017 2019 2009
784 2017 2009
2019 2026 2014
2021 2018 2015
2011 2021 2015
2014 2020 2016
2022 2020 2014
2026 2022 2014
2019 2017 2026
2023 2021 2011
2012 2023 2011
2020 2012 2016
2025 2024 2021
2021 2023 2025
1284 2026 2017
2012 2029 2023
2020 2029 2012
2029 2027 2023
2025 2032 2024
2028 2032 2025
2023 2028 2025
2027 2028 2023
2031 2029 2020
2022 2031 2020
1284 2022 2026
820 1284 2017
2024 2032 2030
1284 2033 2022
2032 2035 2030
2033 2031 2022
1321 2029 2031
2029 2034 2027
2032 2036 2035
2028 1350 2032
2027 1350 2028
1321 2034 2029
2033 1321 2031
1350 2036 2032
2034 1350 2027
2037 1350 2034
2036 1378 1434
1350 1378 2036
1363 1378 1350
1284 1308 2665
863 2044 895
2038 2043 1202
2047 2038 1116
2044 2047 1116
841 2052 2045
1214 2046 2040
2050 2044 863
1247 2039 2066
1202 2046 1214
2043 2056 1202
2053 2043 2038
2051 2050 863
2041 2051 863
2040 2039 1247
1202 2056 2046
2047 2053 2038
841 2042 2052
834 2049 2048
2050 2047 2044
2051 2055 2050
2065 2052 2042
2048 2065 2042
2046 2067 2040
2053 2056 2646
2054 2053 2047
2047 2050 2054
2052 2072 2045
2067 2039 2040
2053 2059 2056
2045 2072 2057
2056 2063 2046
2064 2054 2050
2055 2064 2050
2057 2051 2041
2070 2051 2057
2062 2072 2052
2066 36 2058
2051 2075 2055
2072 2070 2057
2048 2060 2065
2049 2060 2048
2077 2067 2046
2063 2077 2046
2059 2063 2056
2054 2061 2053
2070 2075 2051
2065 2062 2052
2053 2073 2059
2068 2077 2063
2061 2073 2053
2064 2074 2054
2075 2093 2055
2065 2076 2062
2067 2085 2039
2059 2078 2063
2061 2069 2073
2054 2074 2061
2072 2071 2070
2097 36 2066
2085 2066 2039
2063 2078 2068
2073 2078 2059
2093 2064 2055
2083 2075 2070
2074 2089 2061
2064 2079 2074
2062 2080 2072
2060 2076 2065
2071 2083 2070
2076 2080 2062
2066 2085 2097
2086 2078 2073
2069 2102 2073
2061 2089 2069
2081 2089 2074
2093 2090 2064
2090 2079 2064
2083 2104 2075
2067 2082 2085
2098 2082 2067
2077 2098 2067
2079 2081 2074
2104 2093 2075
2072 2080 2071
2080 2092 2071
2086 2100 2078
2102 2086 2073
36 2088 2084
2097 2088 36
2068 2098 2077
2078 2107 2068
2087 2089 2081
2079 2087 2081
2091 2083 2071
2092 2091 2071
2099 2098 2068
2107 2099 2647
2100 2107 2078
2069 2089 2102
2079 2094 2087
2090 2094 2079
2076 2092 2080
2085 2125 2097
2101 2100 2086
2102 2101 2086
2087 2113 2089
2104 2109 2093
2095 2104 2083
2091 2095 2083
2082 2130 2085
2094 2103 2087
2093 2109 2090
2130 2125 2085
2089 2113 2102
2103 2113 2087
2096 2103 2094
2125 2141 2097
2102 2111 2101
2112 2111 2102
2113 2112 2102
2103 2117 2113
2090 2096 2094
2109 2105 2090
2095 2115 2104
2097 2141 2088
2106 2082 2098
2101 2116 2100
2096 2114 2103
2090 2121 2096
2105 2121 2090
2104 2115 2109
2088 100 2084
2099 2106 2098
2132 2106 2099
2107 2132 2099
2100 2116 2107
2136 2117 2103
2114 2136 2103
2092 2110 2091
2130 2129 2125
2106 2130 2082
2116 2132 2107
2108 2116 2101
2111 2108 2101
2121 2114 2096
2118 2121 2105
2115 2123 2109
2110 2095 2091
2111 2126 2108
2114 2120 2136
2119 2123 2115
2132 2145 2106
2127 2126 2111
2112 2127 2111
2128 2127 2112
2113 2117 2112
2122 2118 2105
2109 2122 2105
2124 2115 2095
2110 2124 2095
2106 2131 2130
2145 2131 2106
2108 2143 2116
2126 2143 2108
2133 2128 2112
2117 2133 2112
2136 2135 2117
2137 2114 2121
2123 2122 2109
2124 2119 2115
2129 2141 2125
2130 2144 2129
2132 2142 2145
2137 2120 2114
2138 2137 2121
2118 2138 2121
2131 2144 2130
2116 2134 2132
2126 2146 2143
2127 2146 2126
2140 2146 2127
2128 2140 2127
2135 2133 2117
2124 2139 2119
2141 100 2088
2186 2141 2129
2134 2142 2132
2143 2134 2116
2153 2135 2136
2120 2153 2136
2118 2164 2138
2119 2139 2123
2141 2150 100
2129 2144 2186
2143 2158 2134
2133 2165 2128
2166 2165 2133
2135 2147 2133
2137 2154 2120
2179 2150 2141
2145 2156 2131
2152 2142 2134
2159 2158 2143
2146 2159 2143
2147 2166 2133
2153 2160 2135
2154 2153 2120
2138 2154 2137
2118 2148 2164
2122 2148 2118
2123 2149 2122
2139 2149 2123
2186 2179 2141
2131 2168 2144
2156 2168 2648
2145 2157 2156
2142 2157 2145
2151 2157 2142
2152 2151 2142
2158 2152 2134
2154 2162 2153
2122 2149 2148
2155 2174 145
2178 2174 2155
100 2150 2155
2158 2169 2152
2146 2140 2159
2128 2165 2140
2135 2167 2147
2160 2167 2135
2153 2161 2160
2162 2161 2153
2138 2163 2154
2163 2162 2154
2164 2163 2138
2150 2178 2155
2168 2180 2144
2140 2196 2159
2165 2170 2140
2161 2172 2160
2162 2173 2161
2148 2163 2164
2150 2175 2178
2152 2188 2151
2159 2195 2158
2160 2171 2167
2172 2171 2160
2173 2184 2161
2179 2185 2150
2180 2186 2144
2156 2181 2168
2207 2181 2156
2157 2207 2156
2169 2188 2152
2158 2195 2169
2159 2196 2195
2166 2176 2165
2182 2147 2167
2171 2182 2167
2184 2172 2161
2162 2177 2173
2163 2177 2162
2185 2175 2150
2187 2207 2157
2151 2187 2157
2169 2189 2188
2140 2170 2196
2165 2176 2170
2176 2210 2170
2147 2190 2166
2184 2183 2172
2173 2177 2184
2192 2191 2174
2178 2192 2174
2175 2192 2178
2186 2213 2179
2206 2180 2168
2181 2206 2168
2193 2187 2151
2188 2193 2151
2195 2189 2169
2200 2190 2147
2171 2197 2182
2172 2198 2171
2198 2197 2171
2183 2198 2172
2177 2183 2184
2222 2185 2179
2213 2222 2179
2180 2214 2186
2206 2205 2180
2189 2194 2188
2195 2208 2189
2170 2199 2196
2170 2210 2199
2182 2200 2147
2198 2202 2197
2192 2203 2191
2175 2228 2192
2185 2204 2175
2214 2213 2186
2205 2214 2180
2194 2193 2188
2209 2208 2195
2196 2209 2195
2199 2209 2196
2176 2190 2210
2166 2190 2176
2211 2200 2182
2197 2211 2182
2201 2211 2197
2202 2201 2197
2203 2227 2191
2233 2203 2192
2204 2228 2175
2185 2222 2204
2181 2238 2206
2207 2215 2181
2187 2216 2207
2208 2224 2189
2199 2217 2209
2212 2220 2201
2202 2212 2201
2228 2233 2192
2238 2205 2206
2215 2238 2181
2216 2215 2207
2193 2216 2187
2230 2216 2193
2189 2224 2194
2231 2224 2208
2209 2231 2208
2217 2231 2209
2210 2217 2199
2218 2210 2190
2200 2218 2190
2219 2200 2211
2220 2211 2201
2221 2220 2212
2204 2234 2228
2222 2234 2204
2213 2229 2222
2223 2229 2213
2214 2223 2213
2237 2223 2214
2205 2237 2214
2215 2239 2238
2240 2239 2215
2216 2240 2215
2241 2240 2216
2194 2243 2193
2249 2243 2194
2224 2249 2194
2225 2217 2210
2218 2225 2210
2219 2218 2200
2220 2219 2211
2221 2226 2220
2233 2227 2203
2222 2229 2234
2238 2237 2205
2216 2230 2241
2193 2243 2230
2232 2226 2221
2227 2244 256
2264 2227 2233
2245 2233 2228
2234 2245 2228
2229 2246 2234
2223 2235 2229
2236 2235 2223
2237 2236 2223
2239 2259 2238
2240 2247 2239
2242 2241 2230
2243 2242 2230
2231 2251 2224
2251 2250 2224
2217 2252 2231
2253 2252 2217
2218 2254 2225
2219 2254 2218
2220 2256 2219
2256 2255 2219
2226 2256 2220
2232 2256 2226
2244 305 256
2264 2244 2227
2245 2264 2233
2234 2246 2245
2229 2235 2246
2237 2258 2236
2238 2258 2649
2259 2258 2238
2247 2259 2239
2248 2247 2240
2241 2248 2240
2250 2249 2224
2252 2251 2231
2225 2253 2217
2254 2253 2225
2255 2254 2219
2262 2256 2232
2244 2263 305
2265 2264 2245
2246 2265 2245
2235 2266 2246
2236 2257 2235
2267 2257 2236
2258 2267 2236
2247 2268 2259
2269 2268 2247
2248 2269 2247
2270 2279 2248
2241 2270 2248
2242 2270 2241
2243 2280 2242
2250 2260 2249
2271 2260 2250
2251 2271 2250
2253 2282 2252
2282 2251 2252
2283 2282 2253
2254 2272 2253
2272 2283 2253
2255 2272 2254
2256 2261 2255
2262 2261 2256
2286 2263 2244
2264 2286 2244
2265 2273 2264
2246 2266 2265
2235 2257 2266
2277 2267 2258
2259 2277 2258
2268 2277 2259
2279 2269 2248
2249 2280 2243
2260 2280 2249
2261 2272 2255
2286 2285 2263
2273 2286 2264
2274 2273 2265
2275 2274 2265
2266 2275 2265
2257 2288 2266
2267 2276 2257
2289 2276 2267
2277 2289 2267
2299 2290 2269
2279 2299 2269
2300 2299 2279
2270 2300 2279
2242 2310 2270
2310 2300 2270
2280 2310 2242
2271 2281 2260
2281 2301 2260
2251 2281 2271
2282 2281 2251
2292 2283 2272
2261 2292 2272
2284 2292 2261
2262 2284 2261
2285 346 2263
2293 2285 2286
2287 2286 2273
2274 2287 2273
2266 2295 2275
2288 2295 2266
2257 2276 2288
2277 2298 2289
2268 2298 2277
2278 2298 2268
2290 2278 2268
2269 2290 2268
2260 2301 2280
2291 2281 2282
2283 2291 2282
2292 2291 2283
2306 2293 2286
2287 2306 2286
2294 2287 2274
2275 2307 2274
2307 2294 2274
2295 2307 2275
2296 2288 2276
2289 2296 2276
2297 2296 2289
2298 2297 2289
2317 2290 2299
2280 2318 2310
2301 2318 2280
2281 2319 2301
2291 2302 2281
2303 2291 2292
2284 2303 2292
2304 2303 2284
2262 2304 2284
2285 2305 346
2293 2305 2285
2312 2305 2293
2306 2312 2293
2313 2306 2287
2294 2313 2287
2295 2308 2307
2288 2308 2295
2296 2308 2288
2309 2297 2298
2278 2309 2298
2316 2309 2278
2290 2316 2278
2317 2316 2290
2330 2317 2299
2300 2330 2299
2310 2330 2300
2319 2318 2301
2302 2319 2281
2291 2320 2302
2303 2320 2291
2304 2311 2303
2312 396 2305
2313 2312 2306
2314 2313 2294
2307 2314 2294
2308 2314 2307
2335 2314 2308
2325 2335 2308
2296 2325 2308
2315 2325 2296
2297 2315 2296
2328 2309 2316
2318 2331 2310
2302 2332 2319
2320 2332 2302
2303 2321 2320
2311 2321 2303
2312 2322 396
2323 2322 2312
2313 2323 2312
2324 2323 2313
2314 2342 2313
2342 2324 2313
2343 2342 2314
2335 2343 2314
2297 2326 2315
2309 2326 2297
2327 2326 2309
2328 2327 2309
2329 2328 2316
2317 2329 2316
2330 2329 2317
2331 2330 2310
2333 2332 2320
2321 2333 2320
2334 2333 2321
2311 2334 2321
2322 410 396
2325 2344 2335
2315 2344 2325
2336 2344 2315
2326 2336 2315
2327 2337 2326
2345 2328 2329
2346 2345 2329
2330 2346 2329
2331 2347 2330
2318 2338 2331
2348 2338 2318
2319 2339 2318
2339 2348 2318
2332 2349 2319
2333 2350 2332
2350 2349 2332
2340 2350 2333
2334 2340 2333
2341 2340 2334
2311 2341 2334
2335 2354 2343
2344 2354 2335
2337 2336 2326
2345 2337 2327
2328 2345 2327
2347 2346 2330
2338 2347 2331
2349 2339 2319
2351 2350 2340
2341 2352 2340
2352 2351 2340
410 2357 424
2322 2357 410
2323 2358 2322
2358 2357 2322
2324 2353 2323
2353 2358 2323
2342 2353 2324
2359 2353 2342
2343 2359 2342
2354 2359 2343
2344 2360 2354
2361 2360 2344
2336 2361 2344
2337 2369 2336
2346 2355 2345
2347 2371 2346
2371 2362 2346
2339 2364 2348
2349 2372 2339
2350 2372 2349
2356 2372 2350
2351 2356 2350
2336 2369 2361
2337 2370 2369
2345 2370 2337
2355 2370 2345
2346 2362 2355
2338 2371 2347
2363 2338 2348
2364 2363 2348
2372 2364 2339
2365 2356 2351
2352 2365 2351
2375 2365 2352
2367 2366 2357
2358 2367 2357
2377 2367 2358
2353 2377 2358
2359 2377 2353
2368 2377 2359
2354 2368 2359
2392 2360 2361
2369 2392 2361
2362 2381 2355
2382 2381 2362
2364 2410 2363
2384 2410 2364
2372 2384 2364
2373 2385 2372
2356 2373 2372
2374 2373 2356
2365 2374 2356
2375 2374 2365
2367 2376 2366
2377 2387 2367
2387 2376 2367
2368 2378 2377
2390 2378 2368
2354 2391 2368
2391 2390 2368
2360 2391 2354
2392 2391 2360
2369 2379 2392
2370 2380 2369
2380 2379 2369
2355 2380 2370
2381 2380 2355
2371 2382 2362
2383 2371 2338
2363 2383 2338
2385 2384 2372
2386 2374 2375
2395 507 2366
2376 2395 2366
2377 2388 2387
2378 2388 2377
2389 2388 2378
2390 2389 2378
2393 2392 2379
2406 2379 2380
2407 2406 2380
2381 2407 2380
2382 2407 2381
2399 2407 2382
2371 2399 2382
2373 2401 2385
2394 2401 2373
2374 2394 2373
2386 2394 2374
2387 2396 2376
2388 2396 2387
2405 2389 2390
2391 2397 2390
2397 2405 2390
2392 2398 2391
2398 2397 2391
2393 2398 2392
2406 2393 2379
2419 2399 2371
2383 2419 2371
2409 2419 2383
2363 2409 2383
2410 2409 2363
2400 2410 2384
2385 2400 2384
2401 2400 2385
2394 2402 2401
2403 2402 2394
2386 2403 2394
2395 545 507
2414 545 2395
2376 2414 2395
2396 2414 2376
2388 2421 2396
2389 2421 2388
2404 2421 2389
2405 2404 2389
2415 2405 2397
2416 2415 2397
2398 2416 2397
2417 2398 2393
2423 2393 2406
2418 2406 2407
2399 2408 2407
2419 2408 2399
2401 2426 2400
2411 2426 2401
2402 2411 2401
2412 2411 2402
2403 2412 2402
2413 2412 2403
2386 2420 2403
2420 2413 2403
2396 2421 2414
2415 2404 2405
2417 2416 2398
2423 2417 2393
2418 2423 2406
2408 2418 2407
2443 2419 2409
2410 2443 2409
2424 2443 2410
2400 2424 2410
2425 2424 2400
2426 2425 2400
575 545 2414
2421 575 2414
2404 2428 2421
2429 2404 2415
2416 2422 2415
2422 2429 2415
2438 2416 2417
2430 2423 2418
2408 2431 2418
2431 2430 2418
2419 2432 2408
2443 2432 2419
2444 2424 2425
2445 2426 2411
2427 2445 2411
2412 2427 2411
2447 2427 2412
2413 2447 2412
2420 2435 2413
2421 2436 575
2428 2436 2421
2429 2428 2404
2438 2422 2416
2440 2438 2417
2423 2440 2417
2430 2440 2423
2432 2431 2408
2454 2444 2425
2433 2454 2425
2426 2433 2425
2445 2433 2426
2427 2434 2445
2435 2447 2413
2428 2460 2436
2429 2460 2428
2422 2437 2429
2440 2439 2438
2430 2441 2440
2432 2452 2431
2443 2452 2432
2444 2461 2424
2427 2449 2434
2447 2446 2427
2473 2460 2429
2437 2473 2429
2422 2448 2437
2438 2450 2422
2450 2448 2422
2439 2450 2438
2441 2439 2650
2451 2441 2430
2431 2451 2430
2442 2451 2431
2452 2442 2431
2453 2452 2443
2461 2453 2443
2424 2461 2443
2433 2474 2454
2456 2474 2433
2445 2456 2433
2434 2456 2445
2427 2446 2449
2447 2457 2446
2457 2463 2446
2435 2457 2447
2458 2457 2435
2436 596 575
2459 596 2436
2441 2477 2439
2452 2467 2442
2444 2462 2461
2454 2462 2444
2474 2468 2454
2456 2455 2474
2449 2456 2434
2446 2470 2449
2460 2459 2436
2448 2476 2437
2450 2465 2448
2465 2476 2448
2439 2477 2450
2477 2465 2450
2441 2466 2477
2451 2466 2441
2453 2467 2452
2454 2468 2462
2463 2470 2446
2458 2463 2457
2460 2464 2459
2473 2464 2460
2476 2480 2437
2466 2481 2477
2451 2498 2466
2467 2482 2442
2461 2492 2453
2478 2492 2461
2462 2478 2461
2485 2478 2462
2468 2485 2462
2456 2486 2455
2449 2469 2456
2469 2486 2456
2470 2469 2449
2463 2471 2470
2458 2472 2463
2472 2471 2463
2464 596 2459
2437 2480 2473
2490 2481 2466
2498 2490 2466
2482 2498 2451
2442 2482 2451
2492 2483 2453
2474 2479 2468
2486 2500 2455
2487 2469 2470
2475 2471 2472
596 2512 601
2464 2512 596
2496 2464 2473
2480 2496 2473
2491 2482 2467
2453 2483 2467
2484 2478 2485
2479 2485 2468
2499 2479 2474
2455 2499 2474
2471 2487 2470
2488 2487 2471
2475 2488 2471
2489 2488 2475
2496 2513 2464
2465 2538 2476
2477 2497 2465
2481 2497 2477
2483 2491 2467
2500 2499 2455
2513 2512 2464
2514 2496 2480
2465 2497 2538
2502 2481 2490
2482 2507 2498
2491 2507 2482
2492 2515 2483
2484 2516 2478
2485 2508 2484
2479 2508 2485
2469 2509 2486
2488 2493 2487
2489 2493 2488
2494 2493 2489
2495 2494 2489
2481 2502 2497
2483 2515 2491
2478 2516 2492
2479 2504 2508
2499 2504 2479
2487 2509 2469
2493 2506 2487
2517 2494 2495
2501 2517 2495
2476 2538 2480
2498 2503 2490
2507 2503 2498
2516 2515 2492
2500 2504 2499
2486 2505 2500
2509 2505 2486
2487 2506 2509
2494 2506 2493
2510 2517 2501
2520 2512 2513
2496 2514 2513
2562 2514 2480
2538 2562 2480
2490 2540 2502
2503 2540 2490
2528 2508 2504
2494 2525 2506
2511 2526 2510
2539 2497 2502
2521 2507 2491
2527 2515 2516
2508 2522 2484
2500 2523 2504
2505 2523 2500
2509 2532 2505
2506 2524 2509
2524 2532 2509
2525 2524 2506
2517 2525 2494
2533 2525 2517
2510 2526 2517
2511 2518 2526
2519 2518 2511
2512 2520 700
2507 2550 2503
2521 2550 2507
2515 2521 2491
2527 2521 2515
2522 2527 2516
2484 2522 2516
2528 2522 2508
2529 2528 2504
2533 2524 2525
2526 2533 2517
2519 2542 2518
2530 2542 2519
2531 2530 2519
2514 2520 2513
2497 2554 2538
2523 2529 2504
2518 2535 2526
2514 2537 2520
2539 2554 2497
2540 2539 2502
2550 2540 2503
2541 2522 2528
2529 2541 2528
2546 2524 2533
2526 2534 2533
2548 2534 2526
2535 2548 2526
2542 2535 2518
2531 2536 2530
2547 2536 2531
2543 2547 2531
2522 2552 2527
2541 2552 2522
2505 2545 2523
2532 2545 2505
2524 2546 2532
2534 2546 2533
2554 2562 2538
2571 2541 2529
2544 2529 2523
2545 2544 2523
2546 2545 2532
2543 2560 2547
2549 2560 2543
2562 2537 2514
2540 2563 2539
2550 2563 2651
2527 2551 2521
2552 2558 2527
2544 2571 2529
2535 2556 2548
2542 2556 2535
2521 2570 2550
2558 2551 2527
2559 2545 2546
2534 2555 2546
2548 2576 2534
2576 2555 2534
2556 2576 2548
2574 2556 2542
2530 2574 2542
2536 2574 2530
2557 2554 2539
2564 2563 2550
2570 2564 2550
2551 2570 2521
2552 2575 2558
2571 2575 2552
2541 2571 2552
2544 2565 2571
2555 2559 2546
2553 2561 2549
2539 2563 2557
2559 2544 2545
2566 2559 2555
2549 2561 2560
2553 2568 2561
2569 2568 2553
2557 2583 2554
2576 2566 2555
2567 2576 2556
2593 2574 2536
2547 2593 2536
2562 766 2537
2573 2570 2551
2558 2573 2551
2589 2575 2571
2556 2574 2567
2561 2577 2560
2583 2562 2554
2572 2564 2570
2565 2589 2571
2559 2565 2544
2566 2595 2559
2547 2577 2593
2560 2577 2547
2583 2588 2562
2563 2580 2557
2564 2580 2563
2573 2572 2570
2575 2581 2558
2559 2578 2565
2595 2578 2559
2561 2585 2577
2568 2585 2561
2579 2582 2569
2588 766 2562
2558 2581 2573
2589 2581 2575
2590 2589 2565
2578 2590 2565
2576 2567 2566
2574 2592 2567
2573 2584 2572
2581 2584 2573
2567 2595 2566
2593 2592 2574
2586 2585 2568
2569 2587 2568
2587 2586 2568
2582 2587 2569
2602 2580 2564
2602 2564 2572
2589 2594 2581
2578 2591 2590
2579 2601 2582
2588 2598 766
2557 2614 2583
2595 2591 2578
2567 2592 2595
2585 2606 2577
2580 2614 2557
2584 2599 2652
2581 2603 2584
2594 2603 2581
2590 2594 2589
2593 2606 2592
2606 2593 2577
2597 2588 2583
2572 2599 2602
2607 2603 2594
2605 2594 2590
2604 2591 2595
2592 2604 2595
2609 2604 2592
2600 2587 2582
2601 2600 2582
2596 2601 2579
2614 2597 2583
2603 2599 2584
2605 2607 2594
2591 2605 2590
2596 2613 2601
2612 2580 2602
2604 2605 2591
2597 2598 2588
2606 2609 2592
2586 2608 2585
2625 2600 2601
2614 2611 2597
2606 2624 2609
2585 2608 2606
2613 2625 2601
2599 2612 2602
2604 2616 2605
2612 2619 2580
2615 2599 2603
2607 2615 2603
2609 2616 2604
2608 2624 2606
2600 2625 2587
2596 2610 2613
2597 2623 2598
2625 2634 2587
2611 2623 2597
2619 2614 2580
2605 2617 2607
2609 2618 2616
2587 2608 2586
2616 2617 2605
2628 2617 2616
2624 2618 2609
2630 2625 2613
2610 2630 2613
2619 2626 2614
2599 2620 2612
2615 2620 2599
2621 2628 2616
2634 2608 2587
2640 2610 2596
2614 2626 2611
2617 2615 2607
2618 2621 2616
2624 2627 2618
2596 2622 2640
2620 2619 2612
2608 1710 2624
2639 2625 2630
1296 2623 2611
2626 1296 2611
2615 2633 2620
2617 2633 2615
2627 2621 2618
2640 2630 2610
2619 2636 2626
2620 2636 2619
2621 2637 2628
1710 2627 2624
2633 2629 2620
2617 1395 2653
2628 1395 2617
2632 2637 2621
2627 2632 2621
2634 1710 2608
2622 2641 2640
2638 1296 2626
2637 1395 2628
2625 2639 2634
2631 2641 2622
2636 2638 2626
2620 2629 2636
1695 2632 2627
1710 1695 2627
2639 2635 2634
2640 1729 2630
2629 1332 2636
1395 1352 2633
1653 2637 2632
2635 1710 2634
1342 1332 2629
2637 1433 1395
1695 1653 2632
2630 1729 2639
2641 1729 2640
1174 2642 1173
2642 1172 1173
1194 2643 1181
2643 1190 1181
1156 2644 1096
2644 1162 1096
1169 2645 1020
2645 1115 1020
2053 2646 2043
2646 2056 2043
2107 2647 2068
2647 2099 2068
2156 2648 2131
2648 2168 2131
2238 2649 2237
2649 2258 2237
2441 2650 2440
2650 2439 2440
2550 2651 2540
2651 2563 2540
2584 2652 2572
2652 2599 2572
2617 2653 2633
2653 1395 2633
1371 2654 1377
2654 1495 1377
1450 2655 1392
2655 1407 1392
1750 2656 1746
2656 1759 1746
1771 2657 1770
2657 1783 1770
1806 2658 1796
2658 1798 1796
1829 2659 1822
2659 1837 1822
1850 2660 1852
2660 1875 1852
1932 2661 1927
2661 1947 1927
1959 2662 1946
2662 1970 1946
1984 2663 1975
2663 1974 1975
2008 2664 2007
2664 2014 2007
1284 2665 2033
2665 1308 2033
412 2666 399
2666 411 399
427 2667 388
2667 412 388
254 2668 212
2668 237 212
353 2669 300
2669 326 300
418 2670 382
2670 456 382
515 2671 526
2671 569 526
593 2672 598
2672 620 598
37 2673 58
2673 60 58
126 2674 103
2674 141 103
166 2675 195
2675 196 195
111 2676 127
2676 142 127
67 2677 86
2677 95 86
604 2678 616
2678 643 616
703 2679 670
2679 711 670
748 2680 746
2680 752 746
794 2681 776
2681 805 776
739 2682 734
2682 758 734
695 2683 703
2683 726 703
150 2684 131
2684 160 131
238 2685 180
2685 198 180
370 2686 311
2686 327 311
501 2687 433
2687 457 433
595 2688 501
2688 500 501
599 2689 633
2689 657 633
651 2690 687
2690 680 687
556 2691 527
2691 572 527
446 2692 435
2692 460 435
373 2693 343
2693 372 343
285 2694 263
2694 262 263
193 2695 160
2695 232 160
302 2696 284
2696 384 284
384 2697 444
2697 420 444
600 2698 502
2698 582 502
651 2699 650
2699 687 650
516 2700 504
2700 540 504
385 2701 408
2701 434 408
371 2702 355
2702 408 355
