2703
0.240216 0.326887 0.000000
0.238121 0.387456 0.000000
0.257928 0.513670 0.000000
0.278959 0.592119 0.000000
0.259524 0.396884 0.000000
0.227204 0.226368 0.000000
0.262101 0.433931 0.000000
0.250953 0.274040 0.000000
0.276227 0.357537 0.000000
0.257434 0.364212 0.000000
0.281742 0.377151 0.000000
0.244022 0.301548 0.000000
0.275011 0.390492 0.000000
0.280827 0.414335 0.000000
0.272183 0.271524 0.000000
0.280998 0.467734 0.000000
0.282669 0.530640 0.000000
0.273223 0.287861 0.000000
0.294943 0.354821 0.000000
0.291788 0.500950 0.000000
0.293452 0.308189 0.000000
0.277444 0.326023 0.000000
0.309630 0.471392 0.000000
0.258796 0.223730 0.000000
0.265789 0.254981 0.000000
0.291653 0.400273 0.000000
0.287023 0.442333 0.000000
0.306608 0.583599 0.000000
0.301831 0.382231 0.000000
0.316953 0.557069 0.000000
0.277409 0.213121 0.000000
0.255364 0.206003 0.000000
0.295707 0.256863 0.000000
0.291672 0.271878 0.000000
0.313760 0.421432 0.000000
0.302798 0.435615 0.000000
0.315907 0.628742 0.000000
0.303587 0.263279 0.000000
0.317440 0.379676 0.000000
0.302329 0.295504 0.000000
0.310443 0.356446 0.000000
0.331945 0.500295 0.000000
0.278172 0.238650 0.000000
0.324825 0.452878 0.000000
0.328354 0.543767 0.000000
0.318598 0.272251 0.000000
0.306907 0.276868 0.000000
0.316285 0.300326 0.000000
0.316032 0.319509 0.000000
0.330886 0.426946 0.000000
0.347900 0.482781 0.000000
0.279100 0.189929 0.000000
0.299536 0.204495 0.000000
0.313253 0.282252 0.000000
0.324720 0.374425 0.000000
0.337328 0.409196 0.000000
0.342107 0.458729 0.000000
0.306259 0.228329 0.000000
0.307044 0.246398 0.000000
0.353031 0.435980 0.000000
0.323651 0.250485 0.000000
0.352179 0.394143 0.000000
0.343702 0.597409 0.000000
0.334025 0.356611 0.000000
0.351868 0.543673 0.000000
0.315473 0.212903 0.000000
0.313864 0.237243 0.000000
0.336209 0.275021 0.000000
0.331577 0.286404 0.000000
0.331051 0.305548 0.000000
0.334786 0.320445 0.000000
0.357288 0.313094 0.000000
0.352983 0.510333 0.000000
0.313003 0.226228 0.000000
0.327656 0.262581 0.000000
0.329527 0.277890 0.000000
0.374615 0.577075 0.000000
0.323301 0.240808 0.000000
0.364692 0.367273 0.000000
0.371269 0.407375 0.000000
0.364244 0.468359 0.000000
0.357758 0.278585 0.000000
0.367775 0.589042 0.000000
0.303847 0.181710 0.000000
0.386438 0.482844 0.000000
0.387372 0.529471 0.000000
0.342022 0.257235 0.000000
0.342847 0.286592 0.000000
0.346721 0.303659 0.000000
0.375495 0.337152 0.000000
0.369166 0.424817 0.000000
0.371613 0.450094 0.000000
0.374177 0.509070 0.000000
0.319469 0.194855 0.000000
0.331688 0.230821 0.000000
0.352978 0.275489 0.000000
0.383777 0.439401 0.000000
0.368398 0.614237 0.000000
0.338061 0.234279 0.000000
0.344745 0.240557 0.000000
0.374650 0.661014 0.000000
0.324492 0.178608 0.000000
0.330738 0.209509 0.000000
0.361415 0.237652 0.000000
0.358302 0.257195 0.000000
0.367499 0.304391 0.000000
0.382091 0.392715 0.000000
0.406559 0.517049 0.000000
0.383063 0.558853 0.000000
0.389531 0.578830 0.000000
0.342503 0.225235 0.000000
0.374342 0.272436 0.000000
0.367618 0.283190 0.000000
0.388438 0.318853 0.000000
0.398396 0.364412 0.000000
0.396243 0.432746 0.000000
0.398945 0.472653 0.000000
0.345398 0.203933 0.000000
0.365501 0.229297 0.000000
0.374455 0.295970 0.000000
0.386886 0.292870 0.000000
0.385713 0.417379 0.000000
0.399951 0.490410 0.000000
0.382648 0.500237 0.000000
0.406956 0.534417 0.000000
0.382023 0.606572 0.000000
0.377319 0.253751 0.000000
0.375615 0.262231 0.000000
0.402195 0.380140 0.000000
0.412123 0.403114 0.000000
0.411084 0.452444 0.000000
0.402013 0.562623 0.000000
0.353276 0.178907 0.000000
0.337914 0.188483 0.000000
0.395687 0.313169 0.000000
0.414564 0.545466 0.000000
0.403153 0.292121 0.000000
0.399741 0.331730 0.000000
0.405028 0.392034 0.000000
0.414961 0.428770 0.000000
0.408255 0.476165 0.000000
0.378884 0.237633 0.000000
0.389113 0.267041 0.000000
0.416025 0.456418 0.000000
0.430910 0.513096 0.000000
0.390052 0.635590 0.000000
0.367007 0.213193 0.000000
0.397499 0.274803 0.000000
0.421820 0.366844 0.000000
0.426228 0.545089 0.000000
0.412376 0.576184 0.000000
0.403727 0.595239 0.000000
0.387846 0.247557 0.000000
0.404966 0.299051 0.000000
0.417030 0.380765 0.000000
0.431627 0.393151 0.000000
0.423406 0.413568 0.000000
0.424991 0.435622 0.000000
0.423735 0.494442 0.000000
0.426555 0.517486 0.000000
0.426492 0.555463 0.000000
0.419608 0.576975 0.000000
0.413772 0.602648 0.000000
0.364938 0.196926 0.000000
0.380557 0.234946 0.000000
0.390515 0.244601 0.000000
0.401834 0.259502 0.000000
0.409293 0.317200 0.000000
0.417462 0.334667 0.000000
0.413296 0.352458 0.000000
0.427943 0.382158 0.000000
0.433213 0.415718 0.000000
0.437776 0.464462 0.000000
0.425702 0.469953 0.000000
0.427290 0.530585 0.000000
0.395018 0.251981 0.000000
0.413115 0.285452 0.000000
0.416236 0.311008 0.000000
0.426556 0.352800 0.000000
0.438293 0.428343 0.000000
0.449413 0.518351 0.000000
0.407190 0.266740 0.000000
0.432789 0.376441 0.000000
0.438116 0.405399 0.000000
0.449091 0.524414 0.000000
0.406611 0.616836 0.000000
0.378397 0.192112 0.000000
0.395300 0.242047 0.000000
0.413801 0.278154 0.000000
0.406722 0.280163 0.000000
0.437696 0.383739 0.000000
0.444449 0.485916 0.000000
0.443047 0.500658 0.000000
0.429807 0.567540 0.000000
0.395068 0.228000 0.000000
0.400626 0.250365 0.000000
0.404659 0.256554 0.000000
0.429814 0.313977 0.000000
0.452964 0.510812 0.000000
0.443017 0.544094 0.000000
0.429117 0.588462 0.000000
0.402859 0.211599 0.000000
0.393916 0.215277 0.000000
0.409360 0.230669 0.000000
0.405776 0.251443 0.000000
0.406036 0.261265 0.000000
0.421174 0.297542 0.000000
0.430386 0.334486 0.000000
0.450760 0.388699 0.000000
0.451328 0.399839 0.000000
0.440073 0.414774 0.000000
0.449082 0.416397 0.000000
0.447385 0.429851 0.000000
0.466242 0.475281 0.000000
0.463674 0.505956 0.000000
0.448895 0.546085 0.000000
0.432844 0.611665 0.000000
0.395632 0.192379 0.000000
0.417843 0.270753 0.000000
0.438318 0.348710 0.000000
0.456133 0.378756 0.000000
0.445411 0.438301 0.000000
0.448764 0.542803 0.000000
0.439306 0.579283 0.000000
0.431399 0.187374 0.000000
0.415298 0.218776 0.000000
0.424582 0.274879 0.000000
0.437437 0.361767 0.000000
0.439108 0.369494 0.000000
0.457850 0.388000 0.000000
0.452044 0.411291 0.000000
0.460805 0.455454 0.000000
0.436542 0.550467 0.000000
0.449396 0.611736 0.000000
0.408309 0.239719 0.000000
0.458128 0.399530 0.000000
0.458084 0.411001 0.000000
0.458089 0.429749 0.000000
0.463153 0.512631 0.000000
0.454262 0.537983 0.000000
0.463227 0.539509 0.000000
0.454143 0.556702 0.000000
0.447056 0.566470 0.000000
0.447997 0.576464 0.000000
0.451633 0.599053 0.000000
0.408872 0.255487 0.000000
0.423278 0.266296 0.000000
0.442971 0.296217 0.000000
0.447058 0.332096 0.000000
0.451160 0.352660 0.000000
0.463002 0.377600 0.000000
0.461449 0.393363 0.000000
0.464907 0.398438 0.000000
0.461572 0.404593 0.000000
0.466052 0.441313 0.000000
0.465016 0.560585 0.000000
0.449821 0.636026 0.000000
0.422567 0.223099 0.000000
0.417542 0.251851 0.000000
0.459623 0.358786 0.000000
0.464950 0.387445 0.000000
0.465121 0.409523 0.000000
0.465560 0.574975 0.000000
0.458916 0.581397 0.000000
0.425018 0.199669 0.000000
0.418535 0.235121 0.000000
0.415271 0.246083 0.000000
0.425112 0.257507 0.000000
0.435774 0.267251 0.000000
0.453004 0.299072 0.000000
0.464862 0.342105 0.000000
0.470842 0.386014 0.000000
0.468129 0.402431 0.000000
0.468602 0.412042 0.000000
0.465098 0.417598 0.000000
0.468663 0.420453 0.000000
0.463953 0.427326 0.000000
0.468520 0.433628 0.000000
0.470366 0.460596 0.000000
0.470175 0.495845 0.000000
0.429315 0.230307 0.000000
0.474438 0.364656 0.000000
0.471317 0.396181 0.000000
0.479685 0.474479 0.000000
0.478715 0.518860 0.000000
0.465493 0.584338 0.000000
0.458232 0.607042 0.000000
0.441462 0.175521 0.000000
0.440774 0.211786 0.000000
0.427539 0.238996 0.000000
0.442707 0.243715 0.000000
0.430304 0.249633 0.000000
0.441034 0.258864 0.000000
0.456729 0.277364 0.000000
0.462401 0.324514 0.000000
0.471199 0.406100 0.000000
0.474311 0.410553 0.000000
0.472731 0.415048 0.000000
0.474546 0.416558 0.000000
0.471923 0.424071 0.000000
0.472706 0.442164 0.000000
0.478607 0.456427 0.000000
0.473856 0.532393 0.000000
0.472306 0.586570 0.000000
0.459695 0.625636 0.000000
0.458227 0.637241 0.000000
0.477027 0.310990 0.000000
0.472037 0.338702 0.000000
0.472491 0.375793 0.000000
0.479665 0.385161 0.000000
0.477646 0.399323 0.000000
0.477982 0.508767 0.000000
0.472667 0.572704 0.000000
0.472611 0.579509 0.000000
0.470349 0.603442 0.000000
0.465939 0.608655 0.000000
0.471948 0.627910 0.000000
0.463322 0.187617 0.000000
0.449664 0.200129 0.000000
0.448256 0.222431 0.000000
0.464679 0.252459 0.000000
0.472101 0.275692 0.000000
0.477387 0.393120 0.000000
0.477554 0.410949 0.000000
0.476255 0.413793 0.000000
0.476712 0.416167 0.000000
0.475527 0.423473 0.000000
0.483587 0.492629 0.000000
0.484270 0.539047 0.000000
0.479390 0.580334 0.000000
0.475118 0.640388 0.000000
0.456645 0.214874 0.000000
0.455131 0.235757 0.000000
0.480284 0.351142 0.000000
0.481046 0.362773 0.000000
0.481707 0.374378 0.000000
0.482476 0.384820 0.000000
0.483611 0.392019 0.000000
0.482762 0.400710 0.000000
0.475659 0.414500 0.000000
0.478861 0.424256 0.000000
0.494997 0.509673 0.000000
0.479531 0.572909 0.000000
0.475660 0.587361 0.000000
0.482064 0.594045 0.000000
0.473543 0.610184 0.000000
0.475118 0.640388 0.000000
0.477917 0.320141 0.000000
0.487228 0.360673 0.000000
0.488192 0.392371 0.000000
0.481908 0.410378 0.000000
0.480252 0.417502 0.000000
0.482756 0.433921 0.000000
0.480339 0.443111 0.000000
0.483997 0.460936 0.000000
0.476056 0.559825 0.000000
0.481083 0.611528 0.000000
0.480702 0.617484 0.000000
0.480009 0.629371 0.000000
0.475628 0.179690 0.000000
0.472351 0.204011 0.000000
0.468881 0.222673 0.000000
0.474473 0.241575 0.000000
0.485302 0.315102 0.000000
0.486804 0.348137 0.000000
0.487876 0.372310 0.000000
0.488197 0.384192 0.000000
0.487175 0.413615 0.000000
0.482269 0.425163 0.000000
0.484949 0.479183 0.000000
0.492831 0.499146 0.000000
0.486256 0.572762 0.000000
0.486003 0.584773 0.000000
0.485809 0.588928 0.000000
0.485314 0.600307 0.000000
0.483757 0.636103 0.000000
0.481899 0.273089 0.000000
0.493549 0.371038 0.000000
0.489304 0.402662 0.000000
0.493827 0.414549 0.000000
0.492820 0.435044 0.000000
0.488634 0.437058 0.000000
0.493103 0.444563 0.000000
0.489327 0.465880 0.000000
0.488295 0.531929 0.000000
0.493053 0.572159 0.000000
0.486198 0.580648 0.000000
0.488414 0.618472 0.000000
0.491110 0.270600 0.000000
0.492661 0.314783 0.000000
0.493285 0.344273 0.000000
0.493243 0.358250 0.000000
0.493552 0.400206 0.000000
0.493674 0.425488 0.000000
0.497566 0.495491 0.000000
0.493049 0.580646 0.000000
0.487270 0.655306 0.000000
0.485686 0.202817 0.000000
0.484310 0.217012 0.000000
0.486596 0.232979 0.000000
0.496813 0.370271 0.000000
0.496902 0.378295 0.000000
0.494061 0.385569 0.000000
0.500000 0.403924 0.000000
0.500000 0.418483 0.000000
0.500000 0.440223 0.000000
0.500000 0.480223 0.000000
0.503778 0.540157 0.000000
0.489313 0.556725 0.000000
0.491965 0.630930 0.000000
0.495782 0.656633 0.000000
0.500000 0.228311 0.000000
0.500000 0.260249 0.000000
0.500000 0.338630 0.000000
0.500000 0.353503 0.000000
0.500000 0.369493 0.000000
0.500000 0.378278 0.000000
0.500000 0.387065 0.000000
0.500000 0.455058 0.000000
0.500000 0.475688 0.000000
0.502982 0.532958 0.000000
0.503551 0.585091 0.000000
0.503710 0.601644 0.000000
0.504014 0.631281 0.000000
0.504175 0.649789 0.000000
0.500000 0.192257 0.000000
0.500000 0.207532 0.000000
0.500000 0.298093 0.000000
0.506757 0.358250 0.000000
0.503187 0.370271 0.000000
0.506448 0.400206 0.000000
0.500000 0.430202 0.000000
0.507180 0.435044 0.000000
0.497620 0.503735 0.000000
0.506947 0.572159 0.000000
0.496384 0.589737 0.000000
0.500000 0.619707 0.000000
0.514567 0.204723 0.000000
0.515068 0.224389 0.000000
0.511688 0.242002 0.000000
0.509107 0.266861 0.000000
0.507526 0.304592 0.000000
0.505939 0.385569 0.000000
0.508225 0.461652 0.000000
0.500000 0.520284 0.000000
0.503489 0.580473 0.000000
0.500000 0.595996 0.000000
0.500000 0.625436 0.000000
0.530588 0.217059 0.000000
0.514698 0.315102 0.000000
0.506715 0.344273 0.000000
0.506451 0.371038 0.000000
0.511808 0.392371 0.000000
0.506173 0.414549 0.000000
0.506326 0.425488 0.000000
0.511366 0.437058 0.000000
0.506897 0.444563 0.000000
0.512271 0.488670 0.000000
0.507196 0.555647 0.000000
0.513997 0.584773 0.000000
0.507239 0.589474 0.000000
0.500000 0.608054 0.000000
0.524247 0.176885 0.000000
0.530904 0.226089 0.000000
0.525527 0.241575 0.000000
0.513196 0.348137 0.000000
0.514576 0.384662 0.000000
0.502494 0.510017 0.000000
0.513744 0.572762 0.000000
0.513802 0.580648 0.000000
0.514686 0.600307 0.000000
0.518594 0.605575 0.000000
0.511586 0.618472 0.000000
0.512003 0.630488 0.000000
0.516243 0.636103 0.000000
0.542482 0.212261 0.000000
0.541361 0.242313 0.000000
0.518101 0.273089 0.000000
0.527899 0.275692 0.000000
0.512772 0.360673 0.000000
0.512124 0.372310 0.000000
0.513933 0.396807 0.000000
0.510696 0.402662 0.000000
0.518092 0.410378 0.000000
0.512825 0.413615 0.000000
0.519748 0.417502 0.000000
0.517731 0.425163 0.000000
0.517244 0.433921 0.000000
0.516251 0.456691 0.000000
0.520841 0.584135 0.000000
0.523197 0.616820 0.000000
0.531327 0.191536 0.000000
0.532062 0.260058 0.000000
0.522083 0.320141 0.000000
0.518954 0.362773 0.000000
0.518293 0.374378 0.000000
0.517238 0.400710 0.000000
0.524341 0.414500 0.000000
0.521139 0.424256 0.000000
0.512866 0.474769 0.000000
0.519027 0.488194 0.000000
0.511976 0.497476 0.000000
0.514659 0.531808 0.000000
0.525201 0.538391 0.000000
0.514178 0.557898 0.000000
0.517599 0.588532 0.000000
0.528052 0.627910 0.000000
0.524882 0.640388 0.000000
0.519716 0.351142 0.000000
0.525562 0.364656 0.000000
0.524527 0.375129 0.000000
0.520335 0.385161 0.000000
0.516389 0.392019 0.000000
0.522446 0.410949 0.000000
0.523288 0.416167 0.000000
0.519661 0.443111 0.000000
0.520469 0.572909 0.000000
0.520554 0.576618 0.000000
0.524340 0.587361 0.000000
0.525943 0.604252 0.000000
0.524882 0.640388 0.000000
0.545670 0.224513 0.000000
0.566962 0.252364 0.000000
0.546143 0.302785 0.000000
0.522354 0.399323 0.000000
0.523745 0.413793 0.000000
0.524473 0.423473 0.000000
0.527389 0.579509 0.000000
0.550934 0.202466 0.000000
0.562283 0.205077 0.000000
0.557387 0.222064 0.000000
0.523455 0.306669 0.000000
0.528389 0.333821 0.000000
0.528683 0.396181 0.000000
0.522613 0.393120 0.000000
0.528801 0.406100 0.000000
0.525689 0.410553 0.000000
0.527269 0.415048 0.000000
0.525454 0.416558 0.000000
0.520963 0.465308 0.000000
0.527207 0.560254 0.000000
0.527333 0.572704 0.000000
0.527694 0.586570 0.000000
0.533360 0.602658 0.000000
0.534790 0.614559 0.000000
0.538131 0.643496 0.000000
0.570685 0.230307 0.000000
0.572455 0.241274 0.000000
0.558966 0.258864 0.000000
0.541316 0.283868 0.000000
0.539998 0.334909 0.000000
0.527509 0.375793 0.000000
0.526120 0.385657 0.000000
0.528077 0.424071 0.000000
0.524314 0.451922 0.000000
0.519648 0.508450 0.000000
0.538899 0.588803 0.000000
0.532743 0.633012 0.000000
0.559226 0.211786 0.000000
0.578581 0.256855 0.000000
0.544574 0.355472 0.000000
0.535424 0.367239 0.000000
0.535050 0.387445 0.000000
0.535093 0.398438 0.000000
0.531871 0.402431 0.000000
0.531398 0.412042 0.000000
0.531337 0.420453 0.000000
0.536047 0.427326 0.000000
0.531480 0.433628 0.000000
0.524574 0.442456 0.000000
0.529825 0.495845 0.000000
0.538064 0.571396 0.000000
0.541204 0.578720 0.000000
0.536270 0.595838 0.000000
0.541773 0.637241 0.000000
0.547451 0.648482 0.000000
0.563379 0.187768 0.000000
0.581465 0.235121 0.000000
0.556054 0.299737 0.000000
0.549861 0.326202 0.000000
0.536998 0.377600 0.000000
0.534879 0.409523 0.000000
0.518642 0.518796 0.000000
0.534984 0.560585 0.000000
0.549490 0.605535 0.000000
0.543566 0.619111 0.000000
0.589149 0.238964 0.000000
0.584002 0.247741 0.000000
0.567818 0.262723 0.000000
0.542150 0.388000 0.000000
0.538551 0.393363 0.000000
0.538428 0.404593 0.000000
0.534902 0.417598 0.000000
0.533948 0.441313 0.000000
0.536076 0.455641 0.000000
0.524050 0.498667 0.000000
0.560507 0.646740 0.000000
0.583858 0.194354 0.000000
0.541911 0.429749 0.000000
0.537917 0.515641 0.000000
0.528948 0.532816 0.000000
0.562011 0.629199 0.000000
0.580870 0.220672 0.000000
0.589605 0.257289 0.000000
0.596569 0.258315 0.000000
0.576722 0.266296 0.000000
0.555903 0.337698 0.000000
0.543867 0.378756 0.000000
0.548672 0.399839 0.000000
0.541872 0.399530 0.000000
0.541916 0.411001 0.000000
0.532963 0.480387 0.000000
0.549661 0.527104 0.000000
0.552027 0.540370 0.000000
0.547974 0.557985 0.000000
0.552098 0.598117 0.000000
0.595499 0.255249 0.000000
0.575418 0.274879 0.000000
0.565066 0.299873 0.000000
0.553662 0.367413 0.000000
0.549926 0.430394 0.000000
0.551202 0.464869 0.000000
0.541644 0.498518 0.000000
0.561393 0.583732 0.000000
0.594253 0.240511 0.000000
0.594224 0.251443 0.000000
0.596541 0.262330 0.000000
0.582157 0.270753 0.000000
0.586199 0.278154 0.000000
0.569264 0.317694 0.000000
0.556070 0.355384 0.000000
0.549240 0.388699 0.000000
0.547956 0.411291 0.000000
0.537296 0.508245 0.000000
0.550184 0.563942 0.000000
0.609952 0.193819 0.000000
0.597141 0.211599 0.000000
0.604932 0.228000 0.000000
0.567386 0.371898 0.000000
0.556015 0.420250 0.000000
0.551689 0.439050 0.000000
0.556983 0.544094 0.000000
0.563420 0.573110 0.000000
0.602505 0.250637 0.000000
0.594759 0.276686 0.000000
0.581719 0.302468 0.000000
0.573444 0.352800 0.000000
0.567650 0.342318 0.000000
0.562304 0.383739 0.000000
0.563222 0.526531 0.000000
0.563458 0.550467 0.000000
0.574894 0.568843 0.000000
0.565815 0.605635 0.000000
0.586885 0.285452 0.000000
0.582028 0.318325 0.000000
0.568281 0.397508 0.000000
0.562332 0.400302 0.000000
0.550936 0.514382 0.000000
0.604700 0.242047 0.000000
0.561707 0.428343 0.000000
0.564612 0.428188 0.000000
0.579969 0.592615 0.000000
0.609485 0.244601 0.000000
0.605248 0.262849 0.000000
0.582369 0.368023 0.000000
0.572057 0.382158 0.000000
0.566787 0.415718 0.000000
0.588101 0.611487 0.000000
0.617841 0.204017 0.000000
0.618156 0.237328 0.000000
0.621116 0.237633 0.000000
0.612154 0.247557 0.000000
0.597777 0.288745 0.000000
0.606704 0.302453 0.000000
0.594153 0.302631 0.000000
0.587711 0.348591 0.000000
0.575009 0.435622 0.000000
0.560545 0.480240 0.000000
0.560783 0.504702 0.000000
0.569090 0.513096 0.000000
0.586949 0.573744 0.000000
0.638466 0.189709 0.000000
0.623446 0.216069 0.000000
0.613914 0.270371 0.000000
0.580619 0.388475 0.000000
0.576068 0.417794 0.000000
0.573880 0.474957 0.000000
0.573508 0.555463 0.000000
0.594697 0.318347 0.000000
0.591242 0.386991 0.000000
0.570889 0.454690 0.000000
0.575656 0.499190 0.000000
0.572639 0.534802 0.000000
0.584308 0.552836 0.000000
0.655244 0.184481 0.000000
0.625696 0.270899 0.000000
0.583975 0.456418 0.000000
0.578060 0.521817 0.000000
0.572366 0.540349 0.000000
0.592176 0.594011 0.000000
0.599583 0.626311 0.000000
0.648921 0.171499 0.000000
0.635886 0.232028 0.000000
0.618357 0.256061 0.000000
0.608296 0.314240 0.000000
0.592636 0.404234 0.000000
0.585039 0.428770 0.000000
0.593620 0.448637 0.000000
0.592079 0.471574 0.000000
0.657147 0.207788 0.000000
0.637258 0.213289 0.000000
0.638585 0.237652 0.000000
0.613114 0.292870 0.000000
0.618031 0.328011 0.000000
0.606717 0.361453 0.000000
0.598791 0.376223 0.000000
0.601261 0.468179 0.000000
0.599220 0.503780 0.000000
0.587896 0.530290 0.000000
0.596688 0.559112 0.000000
0.611158 0.568106 0.000000
0.589067 0.542292 0.000000
0.656008 0.227668 0.000000
0.614287 0.417379 0.000000
0.614453 0.593555 0.000000
0.625828 0.607398 0.000000
0.632044 0.264048 0.000000
0.622189 0.291621 0.000000
0.621461 0.397611 0.000000
0.608061 0.433582 0.000000
0.600306 0.485984 0.000000
0.593130 0.521436 0.000000
0.676789 0.202773 0.000000
0.643217 0.251364 0.000000
0.652285 0.264749 0.000000
0.632382 0.283190 0.000000
0.641900 0.298597 0.000000
0.598776 0.538113 0.000000
0.678324 0.181994 0.000000
0.642699 0.275072 0.000000
0.652208 0.289630 0.000000
0.632501 0.304391 0.000000
0.641560 0.356424 0.000000
0.617589 0.491804 0.000000
0.626839 0.583006 0.000000
0.666053 0.216653 0.000000
0.654440 0.229922 0.000000
0.642242 0.278585 0.000000
0.659542 0.241842 0.000000
0.629940 0.433155 0.000000
0.619473 0.453058 0.000000
0.612436 0.521200 0.000000
0.676699 0.240808 0.000000
0.649259 0.337805 0.000000
0.625823 0.509070 0.000000
0.619877 0.551865 0.000000
0.696153 0.181710 0.000000
0.675804 0.233379 0.000000
0.670675 0.276026 0.000000
0.653617 0.318638 0.000000
0.705590 0.201813 0.000000
0.675221 0.272625 0.000000
0.668423 0.286404 0.000000
0.660318 0.308236 0.000000
0.636125 0.417260 0.000000
0.631225 0.472013 0.000000
0.640057 0.617496 0.000000
0.668708 0.261842 0.000000
0.644333 0.389416 0.000000
0.665339 0.360601 0.000000
0.637377 0.447230 0.000000
0.639427 0.536662 0.000000
0.647920 0.591883 0.000000
0.652104 0.428349 0.000000
0.696845 0.212208 0.000000
0.683561 0.225164 0.000000
0.679819 0.252057 0.000000
0.679683 0.283921 0.000000
0.679102 0.307159 0.000000
0.670943 0.329354 0.000000
0.662672 0.409196 0.000000
0.652810 0.470515 0.000000
0.695824 0.247241 0.000000
0.656305 0.547016 0.000000
0.721871 0.194896 0.000000
0.689799 0.279821 0.000000
0.671958 0.369815 0.000000
0.686946 0.376313 0.000000
0.661500 0.467525 0.000000
0.659520 0.507296 0.000000
0.686601 0.605558 0.000000
0.700918 0.296105 0.000000
0.678155 0.354655 0.000000
0.732426 0.209046 0.000000
0.696080 0.265342 0.000000
0.673212 0.427621 0.000000
0.715990 0.219103 0.000000
0.715123 0.234291 0.000000
0.710458 0.243156 0.000000
0.693123 0.305731 0.000000
0.692208 0.401749 0.000000
0.697482 0.325826 0.000000
0.683438 0.454104 0.000000
0.676738 0.489570 0.000000
0.688033 0.506002 0.000000
0.703111 0.254886 0.000000
0.726955 0.311675 0.000000
0.705057 0.354821 0.000000
0.711329 0.367874 0.000000
0.691620 0.455342 0.000000
0.704875 0.270303 0.000000
0.723461 0.287231 0.000000
0.702252 0.424038 0.000000
0.736702 0.231733 0.000000
0.721116 0.272930 0.000000
0.709762 0.384102 0.000000
0.712331 0.450476 0.000000
0.708866 0.493522 0.000000
0.686628 0.563361 0.000000
0.715368 0.550079 0.000000
0.749099 0.208659 0.000000
0.718879 0.418428 0.000000
0.735845 0.347197 0.000000
0.720809 0.393988 0.000000
0.729251 0.440855 0.000000
0.726286 0.374248 0.000000
0.731381 0.412096 0.000000
0.726173 0.476833 0.000000
0.748749 0.271340 0.000000
0.750728 0.361205 0.000000
0.749252 0.385694 0.000000
0.730809 0.542667 0.000000
0.000000 0.701822 0.000000
0.000000 0.636448 0.000000
0.000000 0.740940 0.000000
0.010369 0.650070 0.000000
0.000000 0.602797 0.000000
0.014475 0.689538 0.000000
0.000000 0.577715 0.000000
0.000000 0.551598 0.000000
0.014139 0.602956 0.000000
0.025082 0.704646 0.000000
0.000000 0.527481 0.000000
0.023096 0.647135 0.000000
0.014570 0.564079 0.000000
0.026924 0.662584 0.000000
0.036181 0.615162 0.000000
0.011361 0.531804 0.000000
0.046323 0.654648 0.000000
0.025070 0.586493 0.000000
0.046523 0.644858 0.000000
0.007144 0.482959 0.000000
0.019456 0.550435 0.000000
0.000000 0.476074 0.000000
0.032088 0.593019 0.000000
0.032287 0.587751 0.000000
0.004963 0.463938 0.000000
0.012674 0.516720 0.000000
0.059130 0.633067 0.000000
0.009629 0.484352 0.000000
0.013321 0.488604 0.000000
0.028229 0.570515 0.000000
0.057517 0.654505 0.000000
0.074823 0.718862 0.000000
0.007747 0.460566 0.000000
0.013117 0.504042 0.000000
0.020455 0.541981 0.000000
0.062178 0.649455 0.000000
0.039140 0.590898 0.000000
0.003767 0.441125 0.000000
0.000000 0.430713 0.000000
0.003454 0.428565 0.000000
0.018948 0.486722 0.000000
0.021518 0.497799 0.000000
0.006245 0.434722 0.000000
0.012989 0.457768 0.000000
0.031431 0.548611 0.000000
0.045081 0.604846 0.000000
0.045576 0.611776 0.000000
0.051053 0.604690 0.000000
0.011158 0.436958 0.000000
0.015569 0.470879 0.000000
0.026706 0.503436 0.000000
0.028590 0.531767 0.000000
0.037855 0.561970 0.000000
0.015328 0.446886 0.000000
0.002619 0.409930 0.000000
0.007355 0.425405 0.000000
0.015682 0.456073 0.000000
0.018493 0.469510 0.000000
0.020994 0.480028 0.000000
0.025182 0.497802 0.000000
0.031947 0.526365 0.000000
0.034613 0.543588 0.000000
0.081812 0.674024 0.000000
0.075870 0.701753 0.000000
0.010828 0.428198 0.000000
0.018240 0.453308 0.000000
0.021221 0.467842 0.000000
0.024056 0.480394 0.000000
0.037154 0.533165 0.000000
0.040076 0.550956 0.000000
0.042653 0.563393 0.000000
0.047835 0.587589 0.000000
0.065949 0.604196 0.000000
0.014616 0.434169 0.000000
0.015621 0.441739 0.000000
0.018994 0.457180 0.000000
0.027154 0.492582 0.000000
0.030421 0.505296 0.000000
0.033904 0.516600 0.000000
0.045490 0.575128 0.000000
0.000000 0.394214 0.000000
0.004141 0.401176 0.000000
0.012365 0.425870 0.000000
0.016954 0.440033 0.000000
0.020954 0.456553 0.000000
0.023345 0.469187 0.000000
0.037241 0.521873 0.000000
0.042278 0.539914 0.000000
0.044642 0.551283 0.000000
0.047153 0.563411 0.000000
0.050218 0.574301 0.000000
0.009259 0.406700 0.000000
0.012216 0.416093 0.000000
0.015402 0.431106 0.000000
0.019426 0.448225 0.000000
0.026270 0.482508 0.000000
0.030590 0.497622 0.000000
0.042751 0.533855 0.000000
0.059169 0.592147 0.000000
0.003398 0.391840 0.000000
0.018098 0.437828 0.000000
0.019073 0.443881 0.000000
0.039509 0.524837 0.000000
0.048625 0.553923 0.000000
0.054496 0.575502 0.000000
0.054633 0.583244 0.000000
0.062960 0.615314 0.000000
0.013933 0.423051 0.000000
0.015803 0.429512 0.000000
0.018050 0.433921 0.000000
0.020781 0.444749 0.000000
0.025699 0.469830 0.000000
0.028778 0.490097 0.000000
0.051816 0.566123 0.000000
0.005286 0.379549 0.000000
0.014074 0.413838 0.000000
0.014825 0.419535 0.000000
0.017142 0.427118 0.000000
0.022702 0.455588 0.000000
0.045401 0.536523 0.000000
0.052876 0.555250 0.000000
0.055923 0.565305 0.000000
0.058155 0.573813 0.000000
0.000000 0.365232 0.000000
0.011842 0.400048 0.000000
0.023200 0.450981 0.000000
0.036172 0.507262 0.000000
0.050793 0.546407 0.000000
0.064175 0.583312 0.000000
0.090826 0.623727 0.000000
0.101449 0.697845 0.000000
0.011238 0.390744 0.000000
0.017173 0.423905 0.000000
0.026319 0.458030 0.000000
0.027543 0.464721 0.000000
0.030997 0.485342 0.000000
0.040798 0.511377 0.000000
0.062023 0.572345 0.000000
0.067954 0.577739 0.000000
0.013707 0.406113 0.000000
0.015308 0.411394 0.000000
0.016434 0.417406 0.000000
0.019887 0.428310 0.000000
0.020197 0.433803 0.000000
0.023011 0.439580 0.000000
0.022970 0.446195 0.000000
0.026418 0.452462 0.000000
0.036544 0.496089 0.000000
0.050198 0.538955 0.000000
0.056697 0.555869 0.000000
0.080041 0.598420 0.000000
0.000000 0.325695 0.000000
0.013446 0.397463 0.000000
0.015165 0.403614 0.000000
0.016437 0.408953 0.000000
0.022292 0.432525 0.000000
0.033181 0.474191 0.000000
0.036379 0.489274 0.000000
0.040484 0.504750 0.000000
0.042937 0.518722 0.000000
0.059174 0.546921 0.000000
0.059485 0.556543 0.000000
0.071305 0.584661 0.000000
0.017285 0.406096 0.000000
0.019379 0.412956 0.000000
0.017067 0.414549 0.000000
0.019380 0.417823 0.000000
0.019572 0.422971 0.000000
0.022399 0.427408 0.000000
0.026305 0.440066 0.000000
0.026483 0.446292 0.000000
0.029997 0.460088 0.000000
0.033711 0.468073 0.000000
0.040991 0.492173 0.000000
0.049986 0.522394 0.000000
0.062561 0.555231 0.000000
0.000000 0.290105 0.000000
0.006257 0.324350 0.000000
0.010970 0.369689 0.000000
0.015787 0.395675 0.000000
0.021482 0.420813 0.000000
0.026075 0.433682 0.000000
0.030512 0.449174 0.000000
0.034141 0.461755 0.000000
0.037687 0.476684 0.000000
0.050716 0.530103 0.000000
0.065395 0.563839 0.000000
0.067125 0.571131 0.000000
0.119895 0.662558 0.000000
0.008523 0.354699 0.000000
0.016164 0.386192 0.000000
0.013783 0.388590 0.000000
0.016809 0.401049 0.000000
0.022078 0.416356 0.000000
0.025870 0.427328 0.000000
0.034656 0.455109 0.000000
0.039188 0.462348 0.000000
0.038334 0.469583 0.000000
0.041662 0.485649 0.000000
0.045166 0.501128 0.000000
0.044256 0.506901 0.000000
0.049879 0.514870 0.000000
0.055389 0.521440 0.000000
0.055802 0.538424 0.000000
0.061851 0.538285 0.000000
0.067031 0.552364 0.000000
0.069398 0.576393 0.000000
0.017935 0.397522 0.000000
0.019451 0.408240 0.000000
0.021372 0.410211 0.000000
0.026073 0.421744 0.000000
0.029998 0.434136 0.000000
0.034859 0.447491 0.000000
0.042442 0.477565 0.000000
0.045678 0.496067 0.000000
0.049880 0.509452 0.000000
0.000000 0.236935 0.000000
0.000000 0.256396 0.000000
0.019163 0.359519 0.000000
0.014936 0.378602 0.000000
0.017344 0.392629 0.000000
0.021960 0.398687 0.000000
0.026280 0.416448 0.000000
0.035105 0.440448 0.000000
0.039713 0.454313 0.000000
0.046738 0.485708 0.000000
0.050449 0.502059 0.000000
0.055166 0.515604 0.000000
0.075786 0.557594 0.000000
0.071759 0.567978 0.000000
0.073792 0.575513 0.000000
0.072536 0.581929 0.000000
0.008712 0.270508 0.000000
0.026866 0.411046 0.000000
0.030970 0.423451 0.000000
0.040144 0.446759 0.000000
0.044558 0.460809 0.000000
0.047904 0.476183 0.000000
0.051180 0.493279 0.000000
0.055322 0.509362 0.000000
0.061299 0.525878 0.000000
0.000000 0.208004 0.000000
0.020271 0.344448 0.000000
0.017577 0.376937 0.000000
0.019701 0.385899 0.000000
0.021157 0.395830 0.000000
0.028919 0.401585 0.000000
0.031813 0.417400 0.000000
0.035469 0.434193 0.000000
0.040802 0.440191 0.000000
0.046321 0.446323 0.000000
0.054309 0.473289 0.000000
0.055943 0.500254 0.000000
0.059972 0.514114 0.000000
0.070941 0.542439 0.000000
0.079069 0.563972 0.000000
0.089700 0.586457 0.000000
0.032927 0.412290 0.000000
0.036839 0.423691 0.000000
0.041378 0.434556 0.000000
0.051117 0.459545 0.000000
0.056566 0.491595 0.000000
0.061214 0.507196 0.000000
0.063946 0.527064 0.000000
0.093949 0.561513 0.000000
0.000000 0.152788 0.000000
0.000000 0.178754 0.000000
0.027519 0.363851 0.000000
0.020064 0.373824 0.000000
0.023168 0.375945 0.000000
0.023809 0.386065 0.000000
0.025054 0.392134 0.000000
0.030226 0.397035 0.000000
0.035492 0.403196 0.000000
0.041858 0.421500 0.000000
0.042141 0.429265 0.000000
0.051583 0.452878 0.000000
0.055527 0.466629 0.000000
0.059474 0.473334 0.000000
0.062396 0.487984 0.000000
0.061581 0.497089 0.000000
0.068856 0.505908 0.000000
0.063195 0.517200 0.000000
0.099036 0.584828 0.000000
0.141328 0.675026 0.000000
0.019372 0.297759 0.000000
0.056258 0.459633 0.000000
0.072872 0.531044 0.000000
0.026927 0.229775 0.000000
0.031767 0.392654 0.000000
0.047422 0.435045 0.000000
0.052004 0.446505 0.000000
0.060097 0.465789 0.000000
0.062965 0.478512 0.000000
0.067364 0.514441 0.000000
0.069873 0.525204 0.000000
0.075625 0.518814 0.000000
0.083830 0.537334 0.000000
0.000000 0.122848 0.000000
0.055695 0.435890 0.000000
0.060699 0.458648 0.000000
0.063510 0.470592 0.000000
0.066487 0.483675 0.000000
0.071663 0.509199 0.000000
0.035179 0.343056 0.000000
0.034342 0.363341 0.000000
0.039425 0.374752 0.000000
0.031773 0.374151 0.000000
0.041830 0.404403 0.000000
0.048339 0.406432 0.000000
0.047551 0.420088 0.000000
0.057000 0.446815 0.000000
0.061061 0.452557 0.000000
0.064640 0.457529 0.000000
0.067688 0.469240 0.000000
0.067205 0.476114 0.000000
0.070276 0.489276 0.000000
0.069573 0.498098 0.000000
0.074448 0.506867 0.000000
0.031003 0.351149 0.000000
0.032029 0.383583 0.000000
0.070886 0.481779 0.000000
0.074149 0.494501 0.000000
0.082818 0.518953 0.000000
0.103494 0.554256 0.000000
0.045247 0.274354 0.000000
0.046829 0.352873 0.000000
0.060069 0.411827 0.000000
0.063214 0.441240 0.000000
0.072542 0.474188 0.000000
0.091542 0.538974 0.000000
0.000000 0.095938 0.000000
0.025983 0.324889 0.000000
0.050915 0.396050 0.000000
0.069658 0.450924 0.000000
0.083609 0.500728 0.000000
0.089875 0.519066 0.000000
0.137444 0.616688 0.000000
0.037189 0.122831 0.000000
0.058151 0.314672 0.000000
0.055539 0.359640 0.000000
0.048069 0.376405 0.000000
0.058063 0.383090 0.000000
0.057966 0.426444 0.000000
0.064834 0.435624 0.000000
0.076441 0.438527 0.000000
0.071178 0.455986 0.000000
0.074302 0.467020 0.000000
0.079243 0.459629 0.000000
0.077396 0.478850 0.000000
0.075673 0.486280 0.000000
0.086565 0.486587 0.000000
0.031511 0.160668 0.000000
0.066738 0.420624 0.000000
0.061579 0.401962 0.000000
0.072322 0.408638 0.000000
0.063383 0.347932 0.000000
0.066632 0.380844 0.000000
0.085513 0.457996 0.000000
0.099911 0.496318 0.000000
0.077397 0.427831 0.000000
0.086285 0.430903 0.000000
0.089775 0.473376 0.000000
0.093704 0.500336 0.000000
0.079392 0.402078 0.000000
0.092015 0.456261 0.000000
0.124433 0.558383 0.000000
0.164336 0.645798 0.000000
0.049703 0.234736 0.000000
0.077226 0.359345 0.000000
0.194111 0.682478 0.000000
0.055918 0.148253 0.000000
0.082332 0.306519 0.000000
0.071023 0.331945 0.000000
0.072604 0.277542 0.000000
0.097567 0.443920 0.000000
0.163268 0.603976 0.000000
0.083714 0.247416 0.000000
0.093153 0.380290 0.000000
0.101351 0.474375 0.000000
0.123904 0.481029 0.000000
0.124937 0.512840 0.000000
0.210664 0.667568 0.000000
0.124214 0.376210 0.000000
0.085667 0.207183 0.000000
0.096023 0.319571 0.000000
0.085042 0.348609 0.000000
0.098682 0.286949 0.000000
0.118764 0.400301 0.000000
0.097023 0.333228 0.000000
0.113663 0.420298 0.000000
0.156265 0.558239 0.000000
0.093640 0.173895 0.000000
0.115186 0.215011 0.000000
0.123201 0.318130 0.000000
0.130797 0.352900 0.000000
0.142056 0.406459 0.000000
0.133281 0.431060 0.000000
0.192098 0.645022 0.000000
0.120633 0.243196 0.000000
0.216617 0.617699 0.000000
0.126276 0.278840 0.000000
0.146017 0.500874 0.000000
0.180595 0.523381 0.000000
0.184682 0.599425 0.000000
0.150980 0.432538 0.000000
0.167141 0.329035 0.000000
0.158995 0.350672 0.000000
0.153157 0.386616 0.000000
0.174044 0.480327 0.000000
0.211523 0.572236 0.000000
0.231910 0.637670 0.000000
0.151265 0.209741 0.000000
0.172871 0.428409 0.000000
0.150357 0.256625 0.000000
0.259499 0.629462 0.000000
0.180664 0.264640 0.000000
0.186418 0.319890 0.000000
0.185035 0.373682 0.000000
0.173165 0.397244 0.000000
0.202534 0.444474 0.000000
0.243558 0.605309 0.000000
0.211147 0.310895 0.000000
0.198360 0.359190 0.000000
0.226852 0.574111 0.000000
0.210854 0.395708 0.000000
0.221417 0.453597 0.000000
0.211867 0.499933 0.000000
0.237816 0.509933 0.000000
0.212171 0.345254 0.000000
0.218185 0.424446 0.000000
0.210592 0.246384 0.000000
0.233044 0.274579 0.000000
0.206827 0.273693 0.000000
0.230538 0.409631 0.000000
0.226263 0.296120 0.000000
0.218306 0.369181 0.000000
0.248701 0.419349 0.000000
0.239207 0.252752 0.000000
0.230847 0.327765 0.000000
0.236380 0.358644 0.000000
0.238062 0.446353 0.000000
0.255076 0.575660 0.000000
0.261696 0.474998 0.000000
0.759953 0.315830 0.000000
0.755599 0.341712 0.000000
0.748446 0.398070 0.000000
0.746929 0.422832 0.000000
0.743441 0.463840 0.000000
0.764371 0.257846 0.000000
0.745854 0.514354 0.000000
0.758440 0.285759 0.000000
0.761368 0.198629 0.000000
0.772168 0.233413 0.000000
0.764974 0.408936 0.000000
0.771826 0.376244 0.000000
0.777377 0.274386 0.000000
0.768296 0.289381 0.000000
0.769153 0.327765 0.000000
0.788757 0.300284 0.000000
0.787572 0.412601 0.000000
0.758454 0.437338 0.000000
0.760211 0.462724 0.000000
0.734507 0.587088 0.000000
0.730326 0.631200 0.000000
0.783357 0.336821 0.000000
0.783903 0.446153 0.000000
0.760479 0.520480 0.000000
0.753546 0.604105 0.000000
0.783754 0.256043 0.000000
0.797764 0.342322 0.000000
0.798492 0.273381 0.000000
0.784845 0.390782 0.000000
0.796520 0.362769 0.000000
0.778898 0.505681 0.000000
0.752692 0.543289 0.000000
0.804320 0.227957 0.000000
0.819304 0.271737 0.000000
0.818784 0.312412 0.000000
0.810226 0.373030 0.000000
0.807964 0.484346 0.000000
0.822375 0.340653 0.000000
0.780455 0.563041 0.000000
0.813728 0.425914 0.000000
0.776584 0.601181 0.000000
0.839540 0.239283 0.000000
0.822185 0.396534 0.000000
0.849534 0.268572 0.000000
0.798561 0.575556 0.000000
0.828567 0.180819 0.000000
0.840250 0.359251 0.000000
0.842807 0.325420 0.000000
0.846843 0.386616 0.000000
0.864586 0.220820 0.000000
0.848676 0.409854 0.000000
0.866118 0.335077 0.000000
0.862160 0.374775 0.000000
0.831954 0.490228 0.000000
0.789528 0.620654 0.000000
0.835251 0.434429 0.000000
0.777780 0.647638 0.000000
0.866617 0.407646 0.000000
0.821231 0.576320 0.000000
0.882931 0.354110 0.000000
0.806009 0.602914 0.000000
0.874151 0.261468 0.000000
0.860856 0.457788 0.000000
0.901859 0.272774 0.000000
0.886381 0.396291 0.000000
0.860256 0.556550 0.000000
0.803023 0.646509 0.000000
0.909572 0.208382 0.000000
0.900721 0.300982 0.000000
0.904860 0.361157 0.000000
0.884235 0.449337 0.000000
0.837144 0.611578 0.000000
0.903314 0.328690 0.000000
0.861504 0.503396 0.000000
0.939194 0.108088 0.000000
0.925067 0.326499 0.000000
0.826152 0.670972 0.000000
0.902433 0.443920 0.000000
0.925980 0.307304 0.000000
0.910472 0.385647 0.000000
0.898649 0.474375 0.000000
0.886065 0.489604 0.000000
0.919294 0.272349 0.000000
0.923226 0.354676 0.000000
0.905268 0.466152 0.000000
0.920608 0.402078 0.000000
0.877227 0.543222 0.000000
0.945046 0.141886 0.000000
0.952582 0.182044 0.000000
0.944692 0.354917 0.000000
0.913715 0.430903 0.000000
0.917382 0.447904 0.000000
0.913078 0.463116 0.000000
0.927678 0.408638 0.000000
0.923965 0.422943 0.000000
0.837415 0.642470 0.000000
0.949881 0.300766 0.000000
0.945532 0.325594 0.000000
0.933368 0.380844 0.000000
0.931726 0.425242 0.000000
0.900089 0.496318 0.000000
0.867557 0.614515 0.000000
0.976094 0.104763 0.000000
0.938421 0.401962 0.000000
0.924985 0.433555 0.000000
0.922336 0.454307 0.000000
0.919292 0.465003 0.000000
0.916359 0.475864 0.000000
0.953056 0.357780 0.000000
0.942611 0.378256 0.000000
0.941278 0.407018 0.000000
0.934852 0.415968 0.000000
0.942034 0.426444 0.000000
0.925698 0.467020 0.000000
0.922604 0.478850 0.000000
0.907637 0.495350 0.000000
0.891384 0.560095 0.000000
0.978034 0.152751 0.000000
0.935166 0.435624 0.000000
0.837810 0.708953 0.000000
0.977499 0.198665 0.000000
0.955375 0.223166 0.000000
0.952568 0.372052 0.000000
0.950266 0.392071 0.000000
0.962104 0.394529 0.000000
0.936786 0.441240 0.000000
0.928822 0.455986 0.000000
0.932312 0.469240 0.000000
0.927458 0.474188 0.000000
0.924327 0.486280 0.000000
0.914594 0.505891 0.000000
0.904181 0.535768 0.000000
0.949934 0.411222 0.000000
0.938939 0.452557 0.000000
0.935360 0.457529 0.000000
0.929114 0.481779 0.000000
0.925851 0.494501 0.000000
0.987707 0.311053 0.000000
0.960871 0.335802 0.000000
0.961229 0.351382 0.000000
0.961412 0.372030 0.000000
0.968227 0.374151 0.000000
0.958900 0.381085 0.000000
0.941499 0.436283 0.000000
0.932795 0.476114 0.000000
0.933513 0.483675 0.000000
0.929724 0.489276 0.000000
0.926845 0.501547 0.000000
0.922666 0.504374 0.000000
0.915445 0.523459 0.000000
0.912625 0.529839 0.000000
0.965603 0.367813 0.000000
0.947590 0.440817 0.000000
0.943000 0.446815 0.000000
0.939301 0.458648 0.000000
0.936490 0.470592 0.000000
0.928337 0.509199 0.000000
0.855552 0.674038 0.000000
1.000000 0.095938 0.000000
0.962652 0.264159 0.000000
0.977093 0.337794 0.000000
0.972508 0.353654 0.000000
0.975420 0.363897 0.000000
0.964521 0.384788 0.000000
0.964508 0.403196 0.000000
0.958170 0.404403 0.000000
0.954276 0.415052 0.000000
0.948787 0.430370 0.000000
0.939903 0.465789 0.000000
0.937035 0.478512 0.000000
0.930427 0.498098 0.000000
0.933372 0.502301 0.000000
0.924375 0.518814 0.000000
0.916170 0.537334 0.000000
0.905228 0.564227 0.000000
1.000000 0.122848 0.000000
0.977998 0.378741 0.000000
0.959547 0.418347 0.000000
0.947996 0.446505 0.000000
0.943742 0.459633 0.000000
0.937604 0.487984 0.000000
0.930127 0.525204 0.000000
1.000000 0.147137 0.000000
0.974946 0.392134 0.000000
0.968233 0.392654 0.000000
0.971081 0.401585 0.000000
0.963161 0.423691 0.000000
0.957859 0.429265 0.000000
0.952578 0.435045 0.000000
0.948417 0.452878 0.000000
0.944473 0.466629 0.000000
0.940526 0.473334 0.000000
0.938419 0.497089 0.000000
0.932636 0.514441 0.000000
0.976191 0.386065 0.000000
0.958622 0.434556 0.000000
0.945691 0.473289 0.000000
0.943434 0.491595 0.000000
0.938786 0.507196 0.000000
0.936805 0.517200 0.000000
0.932317 0.525132 0.000000
0.912627 0.589212 0.000000
0.898658 0.597086 0.000000
1.000000 0.173214 0.000000
0.982822 0.373373 0.000000
0.980812 0.387486 0.000000
0.967073 0.412290 0.000000
0.963932 0.428818 0.000000
0.959198 0.440191 0.000000
0.953679 0.446323 0.000000
0.948883 0.459545 0.000000
0.950423 0.467577 0.000000
0.944057 0.500254 0.000000
0.944678 0.509362 0.000000
0.940028 0.514114 0.000000
0.928761 0.536679 0.000000
0.932969 0.552364 0.000000
0.917533 0.556698 0.000000
0.919594 0.567463 0.000000
0.879091 0.646775 0.000000
0.990860 0.276386 0.000000
0.983088 0.359876 0.000000
0.982423 0.376937 0.000000
0.976983 0.394049 0.000000
0.973134 0.411046 0.000000
0.969030 0.423451 0.000000
0.964531 0.434193 0.000000
0.959856 0.446759 0.000000
0.952096 0.476183 0.000000
0.948820 0.493279 0.000000
0.939441 0.529427 0.000000
1.000000 0.202518 0.000000
0.979647 0.399590 0.000000
0.975110 0.406362 0.000000
0.973720 0.416448 0.000000
0.970002 0.434136 0.000000
0.964895 0.440448 0.000000
0.960287 0.454313 0.000000
0.955442 0.460809 0.000000
0.957558 0.477565 0.000000
0.953262 0.485708 0.000000
0.949551 0.502059 0.000000
0.939822 0.522760 0.000000
0.936699 0.541719 0.000000
0.928814 0.559637 0.000000
0.927464 0.581929 0.000000
1.000000 0.222536 0.000000
0.988614 0.335041 0.000000
0.985064 0.378602 0.000000
0.983836 0.386192 0.000000
0.982656 0.392629 0.000000
0.978628 0.410211 0.000000
0.973927 0.421744 0.000000
0.965141 0.447491 0.000000
0.960812 0.462348 0.000000
0.954322 0.496067 0.000000
0.950120 0.509452 0.000000
0.944834 0.515604 0.000000
0.928241 0.567978 0.000000
0.986217 0.388590 0.000000
0.982065 0.397522 0.000000
0.983191 0.401049 0.000000
0.981508 0.404927 0.000000
0.977922 0.416356 0.000000
0.978518 0.420813 0.000000
0.974130 0.427328 0.000000
0.969488 0.449174 0.000000
0.965344 0.455109 0.000000
0.961666 0.469583 0.000000
0.958338 0.485649 0.000000
0.954834 0.501128 0.000000
0.950121 0.514870 0.000000
0.944611 0.521440 0.000000
0.944198 0.538424 0.000000
0.926208 0.575513 0.000000
1.000000 0.247625 0.000000
0.984213 0.395675 0.000000
0.982715 0.406096 0.000000
0.973925 0.433682 0.000000
0.962313 0.476684 0.000000
0.955744 0.506901 0.000000
0.950014 0.522394 0.000000
0.940826 0.546921 0.000000
0.934605 0.563839 0.000000
0.930602 0.576393 0.000000
1.000000 0.277050 0.000000
0.993615 0.374600 0.000000
0.987590 0.394368 0.000000
0.983563 0.408953 0.000000
0.980621 0.412956 0.000000
0.980620 0.417823 0.000000
0.977601 0.427408 0.000000
0.977708 0.432525 0.000000
0.973695 0.440066 0.000000
0.970003 0.460088 0.000000
0.965859 0.461755 0.000000
0.966289 0.468073 0.000000
0.959009 0.492173 0.000000
0.959516 0.504750 0.000000
0.946995 0.530625 0.000000
0.937439 0.555231 0.000000
0.913264 0.631488 0.000000
0.915828 0.673789 0.000000
0.986554 0.397463 0.000000
0.980428 0.422971 0.000000
0.973517 0.446292 0.000000
0.952713 0.521109 0.000000
0.949802 0.538955 0.000000
0.940515 0.556543 0.000000
0.937050 0.564489 0.000000
1.000000 0.308037 0.000000
0.984835 0.403614 0.000000
0.982933 0.414549 0.000000
0.980113 0.428310 0.000000
0.976989 0.439580 0.000000
0.977030 0.446195 0.000000
0.973582 0.452462 0.000000
0.973681 0.458030 0.000000
0.966819 0.474191 0.000000
0.963621 0.489274 0.000000
0.963456 0.496089 0.000000
0.960224 0.516022 0.000000
0.953303 0.529094 0.000000
0.937977 0.572345 0.000000
0.934604 0.571401 0.000000
0.932046 0.577739 0.000000
0.928695 0.584661 0.000000
0.915935 0.599899 0.000000
0.988970 0.400821 0.000000
0.983223 0.420604 0.000000
0.993722 0.360884 0.000000
0.995236 0.393725 0.000000
0.986293 0.406113 0.000000
0.985926 0.413838 0.000000
0.984692 0.411394 0.000000
0.982827 0.423905 0.000000
0.979803 0.433803 0.000000
0.976800 0.450981 0.000000
0.973862 0.463914 0.000000
0.971283 0.471735 0.000000
0.967345 0.487012 0.000000
0.964628 0.501753 0.000000
0.949207 0.546407 0.000000
0.943303 0.555869 0.000000
0.939429 0.581374 0.000000
0.929829 0.603818 0.000000
0.985175 0.419535 0.000000
0.977298 0.455588 0.000000
0.947124 0.555250 0.000000
1.000000 0.338118 0.000000
0.989582 0.409798 0.000000
0.982858 0.427118 0.000000
0.982637 0.432121 0.000000
0.979219 0.444749 0.000000
0.971453 0.483320 0.000000
0.967496 0.504500 0.000000
0.957942 0.526701 0.000000
0.954599 0.536523 0.000000
0.944077 0.565305 0.000000
0.941845 0.573813 0.000000
0.937987 0.587604 0.000000
0.987784 0.416093 0.000000
0.984197 0.429512 0.000000
0.979046 0.456553 0.000000
0.961627 0.523352 0.000000
0.948184 0.566123 0.000000
0.990456 0.424481 0.000000
0.986067 0.423051 0.000000
0.986305 0.429562 0.000000
0.984991 0.432817 0.000000
0.981902 0.437828 0.000000
0.972988 0.482763 0.000000
0.957249 0.533855 0.000000
0.957722 0.539914 0.000000
0.951375 0.553923 0.000000
0.952847 0.563411 0.000000
0.939212 0.594576 0.000000
0.895931 0.697365 0.000000
0.980791 0.446073 0.000000
0.976655 0.469187 0.000000
0.955358 0.551283 0.000000
0.947623 0.574958 0.000000
0.945367 0.583244 0.000000
0.937756 0.614196 0.000000
0.996909 0.388491 0.000000
0.985384 0.434169 0.000000
0.983046 0.440033 0.000000
0.981760 0.453308 0.000000
0.981006 0.457180 0.000000
0.978779 0.467842 0.000000
0.975944 0.480394 0.000000
0.970462 0.496122 0.000000
0.972846 0.492582 0.000000
0.969579 0.505296 0.000000
0.964730 0.516011 0.000000
0.964973 0.522229 0.000000
0.961860 0.538550 0.000000
0.959924 0.550956 0.000000
0.957347 0.563393 0.000000
0.994127 0.416821 0.000000
0.984379 0.441739 0.000000
0.954510 0.575128 0.000000
1.000000 0.375690 0.000000
0.986893 0.444308 0.000000
0.984318 0.456073 0.000000
0.981507 0.469510 0.000000
0.979006 0.480028 0.000000
0.952165 0.587589 0.000000
0.952668 0.604174 0.000000
0.939806 0.629390 0.000000
0.969367 0.520793 0.000000
0.965387 0.543588 0.000000
0.997381 0.409930 0.000000
0.993874 0.425833 0.000000
0.990084 0.433326 0.000000
0.974818 0.497802 0.000000
0.978854 0.503668 0.000000
0.973294 0.503436 0.000000
0.960781 0.567943 0.000000
0.917299 0.717607 0.000000
0.987812 0.453506 0.000000
0.982558 0.487238 0.000000
0.971410 0.531767 0.000000
0.967661 0.554541 0.000000
0.962776 0.589711 0.000000
0.992400 0.465607 0.000000
0.984431 0.470879 0.000000
0.993768 0.438738 0.000000
0.928244 0.685640 0.000000
0.973233 0.541928 0.000000
0.970096 0.572281 0.000000
0.941344 0.650410 0.000000
0.997006 0.425062 0.000000
0.965797 0.592007 0.000000
0.932427 0.731627 0.000000
1.000000 0.405925 0.000000
0.996233 0.441125 0.000000
0.988648 0.494180 0.000000
0.977820 0.550480 0.000000
0.993031 0.451847 0.000000
0.985206 0.513364 0.000000
0.950597 0.654727 0.000000
0.995037 0.463938 0.000000
0.955135 0.612763 0.000000
0.986042 0.521376 0.000000
1.000000 0.439465 0.000000
0.991523 0.485927 0.000000
0.975835 0.571832 0.000000
0.969974 0.593358 0.000000
0.953477 0.644858 0.000000
0.986095 0.542264 0.000000
0.973454 0.680437 0.000000
0.980241 0.564557 0.000000
0.981067 0.706173 0.000000
1.000000 0.476074 0.000000
0.991190 0.513178 0.000000
0.966064 0.623370 0.000000
1.000000 0.551598 0.000000
0.973112 0.654055 0.000000
1.000000 0.527481 0.000000
0.981212 0.593925 0.000000
0.978688 0.643518 0.000000
1.000000 0.582325 0.000000
0.989631 0.650070 0.000000
1.000000 0.640114 0.000000
1.000000 0.675712 0.000000
1.000000 0.710595 0.000000
1.000000 0.614092 0.000000
0.060806 0.108088 0.000000
0.128510 0.156744 0.000000
0.202503 0.204021 0.000000
0.030368 0.071835 0.000000
0.000000 0.048088 0.000000
0.173282 0.158092 0.000000
0.247803 0.196541 0.000000
0.000000 0.035825 0.000000
0.093783 0.110384 0.000000
0.064804 0.067477 0.000000
0.000000 0.006273 0.000000
0.195047 0.156823 0.000000
0.112568 0.095507 0.000000
0.085514 0.057855 0.000000
0.006453 0.000000 0.000000
0.226355 0.165547 0.000000
0.037195 0.000000 0.000000
0.144165 0.091394 0.000000
0.213440 0.138467 0.000000
0.050557 0.000000 0.000000
0.114801 0.049682 0.000000
0.248769 0.157925 0.000000
0.166418 0.080178 0.000000
0.261216 0.188708 0.000000
0.074839 0.000000 0.000000
0.088403 0.028604 0.000000
0.270847 0.160378 0.000000
0.274795 0.178049 0.000000
0.096448 0.000000 0.000000
0.154511 0.042678 0.000000
0.197874 0.088363 0.000000
0.248285 0.139287 0.000000
0.111104 0.000000 0.000000
0.122368 0.000000 0.000000
0.223077 0.092172 0.000000
0.137554 0.000000 0.000000
0.191495 0.053845 0.000000
0.252791 0.110150 0.000000
0.270470 0.124349 0.000000
0.295054 0.166814 0.000000
0.307820 0.172612 0.000000
0.149154 0.000000 0.000000
0.181325 0.029160 0.000000
0.226762 0.065513 0.000000
0.164876 0.000000 0.000000
0.280405 0.094764 0.000000
0.176813 0.000000 0.000000
0.207482 0.037653 0.000000
0.255483 0.071987 0.000000
0.193099 0.000000 0.000000
0.192715 0.015140 0.000000
0.289213 0.125585 0.000000
0.312053 0.163011 0.000000
0.205689 0.000000 0.000000
0.327938 0.143263 0.000000
0.330190 0.170406 0.000000
0.245865 0.042192 0.000000
0.222497 0.000000 0.000000
0.220390 0.015103 0.000000
0.305470 0.122539 0.000000
0.351079 0.171499 0.000000
0.235506 0.000000 0.000000
0.336367 0.162005 0.000000
0.309202 0.095799 0.000000
0.343696 0.137166 0.000000
0.252844 0.000000 0.000000
0.249024 0.015304 0.000000
0.302501 0.036023 0.000000
0.354656 0.149120 0.000000
0.274242 0.034303 0.000000
0.266312 0.000000 0.000000
0.325406 0.086154 0.000000
0.353639 0.163324 0.000000
0.382442 0.182500 0.000000
0.284170 0.000000 0.000000
0.298098 0.000000 0.000000
0.300562 0.019448 0.000000
0.306206 0.067198 0.000000
0.380160 0.144054 0.000000
0.374973 0.173648 0.000000
0.318547 0.032872 0.000000
0.339267 0.069269 0.000000
0.350083 0.090260 0.000000
0.348994 0.118096 0.000000
0.374879 0.130703 0.000000
0.373061 0.165117 0.000000
0.361232 0.081701 0.000000
0.376293 0.116827 0.000000
0.326301 0.014809 0.000000
0.335267 0.030026 0.000000
0.343374 0.045081 0.000000
0.400334 0.175600 0.000000
0.376139 0.080164 0.000000
0.400212 0.145133 0.000000
0.335037 0.000000 0.000000
0.353521 0.009756 0.000000
0.352346 0.027373 0.000000
0.390141 0.116351 0.000000
0.399418 0.166713 0.000000
0.405786 0.167040 0.000000
0.359813 0.042782 0.000000
0.376546 0.040776 0.000000
0.388543 0.071305 0.000000
0.395177 0.130598 0.000000
0.349601 0.000000 0.000000
0.369933 0.025091 0.000000
0.417769 0.167392 0.000000
0.390843 0.007002 0.000000
0.415075 0.153520 0.000000
0.393716 0.038832 0.000000
0.411877 0.069204 0.000000
0.401340 0.085628 0.000000
0.417455 0.115009 0.000000
0.412829 0.122821 0.000000
0.417036 0.137851 0.000000
0.419045 0.175616 0.000000
0.377827 0.000000 0.000000
0.425628 0.091548 0.000000
0.432744 0.121839 0.000000
0.440810 0.167303 0.000000
0.406693 0.000000 0.000000
0.396913 0.022183 0.000000
0.410995 0.037094 0.000000
0.423970 0.052269 0.000000
0.438085 0.149391 0.000000
0.421828 0.000000 0.000000
0.437246 0.075157 0.000000
0.435829 0.137034 0.000000
0.451617 0.113093 0.000000
0.446120 0.121124 0.000000
0.455261 0.089665 0.000000
0.445388 0.157615 0.000000
0.434417 0.018106 0.000000
0.447795 0.042396 0.000000
0.468493 0.073322 0.000000
0.461250 0.135845 0.000000
0.450949 0.000000 0.000000
0.462407 0.147472 0.000000
0.463349 0.025134 0.000000
0.472228 0.112018 0.000000
0.466954 0.127745 0.000000
0.480304 0.000000 0.000000
0.491053 0.032731 0.000000
0.474467 0.049274 0.000000
0.500000 0.079823 0.000000
0.500000 0.133554 0.000000
0.490629 0.016495 0.000000
0.517906 0.032876 0.000000
0.493710 0.148721 0.000000
0.518730 0.016563 0.000000
0.508509 0.048759 0.000000
0.500000 0.110523 0.000000
0.509848 0.000000 0.000000
0.544598 0.033841 0.000000
0.534636 0.112357 0.000000
0.500000 0.170724 0.000000
0.537539 0.016797 0.000000
0.534050 0.049610 0.000000
0.530720 0.081160 0.000000
0.533812 0.120057 0.000000
0.549051 0.000000 0.000000
0.538750 0.135845 0.000000
0.565583 0.018106 0.000000
0.571309 0.035490 0.000000
0.553557 0.082430 0.000000
0.536579 0.158974 0.000000
0.578172 0.000000 0.000000
0.562129 0.113889 0.000000
0.564171 0.137034 0.000000
0.549711 0.148195 0.000000
0.554103 0.161926 0.000000
0.593307 0.000000 0.000000
0.609157 0.007002 0.000000
0.576266 0.083943 0.000000
0.553880 0.121124 0.000000
0.603087 0.022183 0.000000
0.586687 0.045029 0.000000
0.582545 0.115009 0.000000
0.606284 0.038832 0.000000
0.553151 0.170084 0.000000
0.558408 0.179488 0.000000
0.593606 0.077462 0.000000
0.585060 0.130266 0.000000
0.573353 0.150905 0.000000
0.622173 0.000000 0.000000
0.637303 0.008794 0.000000
0.630067 0.025091 0.000000
0.593552 0.145353 0.000000
0.582231 0.167392 0.000000
0.580955 0.175616 0.000000
0.650399 0.000000 0.000000
0.623454 0.040776 0.000000
0.613525 0.086853 0.000000
0.596145 0.115681 0.000000
0.655718 0.011664 0.000000
0.643904 0.035096 0.000000
0.619144 0.072053 0.000000
0.609859 0.116351 0.000000
0.600829 0.162465 0.000000
0.664963 0.000000 0.000000
0.673699 0.014809 0.000000
0.660660 0.037562 0.000000
0.608931 0.137710 0.000000
0.597243 0.152101 0.000000
0.683580 0.000000 0.000000
0.638768 0.081701 0.000000
0.623707 0.116827 0.000000
0.625027 0.173648 0.000000
0.617558 0.182500 0.000000
0.701902 0.000000 0.000000
0.691071 0.017608 0.000000
0.681453 0.032872 0.000000
0.653430 0.083320 0.000000
0.664516 0.062164 0.000000
0.625121 0.130703 0.000000
0.626939 0.165117 0.000000
0.715830 0.000000 0.000000
0.718901 0.006740 0.000000
0.653924 0.143113 0.000000
0.640005 0.163921 0.000000
0.733688 0.000000 0.000000
0.710437 0.030550 0.000000
0.697499 0.036023 0.000000
0.682490 0.072700 0.000000
0.670831 0.092781 0.000000
0.644236 0.117738 0.000000
0.626708 0.143789 0.000000
0.747156 0.000000 0.000000
0.743172 0.013215 0.000000
0.694804 0.089447 0.000000
0.668705 0.137512 0.000000
0.658247 0.162234 0.000000
0.764494 0.000000 0.000000
0.724021 0.058479 0.000000
0.777503 0.000000 0.000000
0.747381 0.040142 0.000000
0.705385 0.105306 0.000000
0.664977 0.170270 0.000000
0.698006 0.145849 0.000000
0.682988 0.143919 0.000000
0.673836 0.161943 0.000000
0.806901 0.000000 0.000000
0.794311 0.000000 0.000000
0.793043 0.028714 0.000000
0.773535 0.048469 0.000000
0.692180 0.172612 0.000000
0.744517 0.071987 0.000000
0.835124 0.000000 0.000000
0.804394 0.042404 0.000000
0.772830 0.073861 0.000000
0.720821 0.128075 0.000000
0.850846 0.000000 0.000000
0.823187 0.000000 0.000000
0.741755 0.101142 0.000000
0.862446 0.000000 0.000000
0.788336 0.080724 0.000000
0.756463 0.120916 0.000000
0.877632 0.000000 0.000000
0.903552 0.000000 0.000000
0.845704 0.020647 0.000000
0.888896 0.000000 0.000000
0.850035 0.045717 0.000000
0.816746 0.068062 0.000000
0.739322 0.134069 0.000000
0.712927 0.169213 0.000000
0.715539 0.178918 0.000000
0.798635 0.104467 0.000000
0.881902 0.045926 0.000000
0.843483 0.089910 0.000000
0.925161 0.000000 0.000000
0.751343 0.151924 0.000000
0.938916 0.000000 0.000000
0.788194 0.131558 0.000000
0.739151 0.193700 0.000000
0.949443 0.000000 0.000000
0.728653 0.179404 0.000000
0.795347 0.146012 0.000000
0.962805 0.000000 0.000000
0.770838 0.163427 0.000000
0.895756 0.066061 0.000000
0.993547 0.000000 0.000000
0.952519 0.029210 0.000000
0.747402 0.183396 0.000000
0.895953 0.094958 0.000000
0.935216 0.073707 0.000000
0.851894 0.116324 0.000000
1.000000 0.006273 0.000000
0.802300 0.163242 0.000000
0.970363 0.043199 0.000000
0.795690 0.183420 0.000000
0.857586 0.151132 0.000000
1.000000 0.035825 0.000000
1.000000 0.048088 0.000000
0.884615 0.173407 0.000000
0.163827 0.689161 0.000000
0.274550 0.662623 0.000000
0.242774 0.661466 0.000000
0.062325 0.726366 0.000000
0.016609 0.742159 0.000000
0.176829 0.711630 0.000000
0.098975 0.731105 0.000000
0.034606 0.741254 0.000000
0.229549 0.690830 0.000000
0.120883 0.740962 0.000000
0.007648 0.747388 0.000000
0.000000 0.775562 0.000000
0.090310 0.763252 0.000000
0.067895 0.756042 0.000000
0.022958 0.772605 0.000000
0.144942 0.753663 0.000000
0.122674 0.775781 0.000000
0.085541 0.797187 0.000000
0.197670 0.714335 0.000000
0.041681 0.711334 0.000000
0.295698 0.610842 0.000000
0.178436 0.753418 0.000000
0.000000 0.827297 0.000000
0.147771 0.782125 0.000000
0.017654 0.823082 0.000000
0.221211 0.723815 0.000000
0.102744 0.804112 0.000000
0.008490 0.805815 0.000000
0.290841 0.642049 0.000000
0.265803 0.693505 0.000000
0.246362 0.736977 0.000000
0.166181 0.797159 0.000000
0.051596 0.813265 0.000000
0.031278 0.864726 0.000000
0.035944 0.807834 0.000000
0.177474 0.777656 0.000000
0.126787 0.806218 0.000000
0.065931 0.817349 0.000000
0.002973 0.864283 0.000000
0.252083 0.713410 0.000000
0.210771 0.773415 0.000000
0.117792 0.831711 0.000000
0.014192 0.884688 0.000000
0.139426 0.826937 0.000000
0.304854 0.716247 0.000000
0.046964 0.869975 0.000000
0.342115 0.629023 0.000000
0.300834 0.685416 0.000000
0.205602 0.790300 0.000000
0.147020 0.844287 0.000000
0.348967 0.652094 0.000000
0.169076 0.822768 0.000000
0.095066 0.874045 0.000000
0.021041 0.934020 0.000000
0.004691 0.937858 0.000000
0.082447 0.841254 0.000000
0.120999 0.867654 0.000000
0.032345 0.959534 0.000000
0.127698 0.887597 0.000000
0.318629 0.661324 0.000000
0.291165 0.727735 0.000000
0.281040 0.747576 0.000000
0.236788 0.792366 0.000000
0.228918 0.806738 0.000000
0.191017 0.814720 0.000000
0.156177 0.861609 0.000000
0.059676 0.882605 0.000000
0.094293 0.924270 0.000000
0.315125 0.742734 0.000000
0.258668 0.771567 0.000000
0.255909 0.821777 0.000000
0.077451 0.934045 0.000000
0.000000 1.000000 0.000000
0.224949 0.833889 0.000000
0.210935 0.854459 0.000000
0.181975 0.851699 0.000000
0.151184 0.897882 0.000000
0.050820 0.949266 0.000000
0.276115 0.809256 0.000000
0.188069 0.880854 0.000000
0.106571 0.961225 0.000000
0.062307 0.978498 0.000000
0.163883 0.916142 0.000000
0.123830 0.923954 0.000000
0.103679 0.980826 0.000000
0.086147 0.973263 0.000000
0.039465 0.992293 0.000000
0.328888 0.691311 0.000000
0.254043 0.841809 0.000000
0.240933 0.854926 0.000000
0.243153 0.872654 0.000000
0.350735 0.705560 0.000000
0.330904 0.715942 0.000000
0.346408 0.738682 0.000000
0.293037 0.789664 0.000000
0.227562 0.886925 0.000000
0.304003 0.814103 0.000000
0.222165 0.911605 0.000000
0.185376 0.901055 0.000000
0.153582 0.950802 0.000000
0.134515 0.962573 0.000000
0.070115 1.000000 0.000000
0.278627 0.879121 0.000000
0.358566 0.684619 0.000000
0.322070 0.789721 0.000000
0.280919 0.831899 0.000000
0.371226 0.718796 0.000000
0.335332 0.759092 0.000000
0.271628 0.853281 0.000000
0.256064 0.914464 0.000000
0.133762 1.000000 0.000000
0.112266 0.993766 0.000000
0.401493 0.680945 0.000000
0.354550 0.806796 0.000000
0.332604 0.818026 0.000000
0.193426 0.933626 0.000000
0.164700 0.962903 0.000000
0.386600 0.648610 0.000000
0.373450 0.756621 0.000000
0.358749 0.786990 0.000000
0.302255 0.837723 0.000000
0.294561 0.859520 0.000000
0.222199 0.932652 0.000000
0.205946 0.956104 0.000000
0.177255 0.974946 0.000000
0.169033 1.000000 0.000000
0.134289 0.981320 0.000000
0.264733 0.894250 0.000000
0.267061 0.903548 0.000000
0.251421 0.930498 0.000000
0.382178 0.733776 0.000000
0.333930 0.841543 0.000000
0.308382 0.893398 0.000000
0.247647 0.959881 0.000000
0.230356 0.960821 0.000000
0.191407 0.987225 0.000000
0.413337 0.644696 0.000000
0.412721 0.672233 0.000000
0.308357 0.907484 0.000000
0.207474 1.000000 0.000000
0.405855 0.660006 0.000000
0.402479 0.697809 0.000000
0.401218 0.725172 0.000000
0.405772 0.749185 0.000000
0.287692 0.948724 0.000000
0.228252 1.000000 0.000000
0.210103 0.986918 0.000000
0.414153 0.689812 0.000000
0.394205 0.711605 0.000000
0.384678 0.804924 0.000000
0.357227 0.829739 0.000000
0.363822 0.849058 0.000000
0.326769 0.928965 0.000000
0.432662 0.634535 0.000000
0.423606 0.662540 0.000000
0.387685 0.832336 0.000000
0.382102 0.845885 0.000000
0.339330 0.861392 0.000000
0.322836 0.873004 0.000000
0.274753 0.963614 0.000000
0.250306 1.000000 0.000000
0.336679 0.897458 0.000000
0.324653 0.952210 0.000000
0.297352 0.973740 0.000000
0.273979 1.000000 0.000000
0.434269 0.652061 0.000000
0.434038 0.689613 0.000000
0.426608 0.734906 0.000000
0.413768 0.741277 0.000000
0.399228 0.768379 0.000000
0.364093 0.865600 0.000000
0.364786 0.882707 0.000000
0.347593 0.914112 0.000000
0.315498 0.967915 0.000000
0.296455 1.000000 0.000000
0.425759 0.711255 0.000000
0.423740 0.722233 0.000000
0.418885 0.765990 0.000000
0.401925 0.817949 0.000000
0.374464 0.903369 0.000000
0.350363 0.950498 0.000000
0.352259 0.975125 0.000000
0.322993 0.980862 0.000000
0.315301 1.000000 0.000000
0.427660 0.699916 0.000000
0.440739 0.716527 0.000000
0.391727 0.865224 0.000000
0.373412 0.927915 0.000000
0.346496 0.991780 0.000000
0.443877 0.647275 0.000000
0.440286 0.678496 0.000000
0.442347 0.704710 0.000000
0.403543 0.834214 0.000000
0.383758 0.883500 0.000000
0.357947 1.000000 0.000000
0.441599 0.665818 0.000000
0.443631 0.692460 0.000000
0.452058 0.708076 0.000000
0.450709 0.720134 0.000000
0.438919 0.727866 0.000000
0.430665 0.742335 0.000000
0.432544 0.760570 0.000000
0.426295 0.786062 0.000000
0.423469 0.822538 0.000000
0.432414 0.846513 0.000000
0.415002 0.849040 0.000000
0.451901 0.654595 0.000000
0.454282 0.682228 0.000000
0.453197 0.695422 0.000000
0.442562 0.770786 0.000000
0.437371 0.796681 0.000000
0.412110 0.857734 0.000000
0.415716 0.873673 0.000000
0.418227 0.893934 0.000000
0.407670 0.896076 0.000000
0.398058 0.921347 0.000000
0.384427 0.956940 0.000000
0.389768 0.978458 0.000000
0.362388 0.984229 0.000000
0.461776 0.711343 0.000000
0.449076 0.731776 0.000000
0.446989 0.742980 0.000000
0.434445 0.870633 0.000000
0.401059 0.986403 0.000000
0.399312 1.000000 0.000000
0.461258 0.649812 0.000000
0.459820 0.669634 0.000000
0.463590 0.684770 0.000000
0.462791 0.698355 0.000000
0.460534 0.723752 0.000000
0.457735 0.747542 0.000000
0.453329 0.781604 0.000000
0.442863 0.836217 0.000000
0.429729 0.887654 0.000000
0.407587 0.960166 0.000000
0.468547 0.678804 0.000000
0.472864 0.687050 0.000000
0.472527 0.694174 0.000000
0.471423 0.714702 0.000000
0.458963 0.735514 0.000000
0.468379 0.752314 0.000000
0.448934 0.807534 0.000000
0.445324 0.861002 0.000000
0.447033 0.892597 0.000000
0.421095 0.915253 0.000000
0.414668 0.936557 0.000000
0.413547 0.986899 0.000000
0.478469 0.659877 0.000000
0.468953 0.671658 0.000000
0.477693 0.680917 0.000000
0.471823 0.707977 0.000000
0.470081 0.727015 0.000000
0.466773 0.770202 0.000000
0.447349 0.936483 0.000000
0.417669 0.967559 0.000000
0.478178 0.666784 0.000000
0.482039 0.689414 0.000000
0.472302 0.701301 0.000000
0.480988 0.718273 0.000000
0.480048 0.731065 0.000000
0.469257 0.739802 0.000000
0.463119 0.803408 0.000000
0.456990 0.842420 0.000000
0.450564 0.876144 0.000000
0.463157 0.905576 0.000000
0.442389 0.964112 0.000000
0.436845 1.000000 0.000000
0.482948 0.654548 0.000000
0.477993 0.673569 0.000000
0.477207 0.695523 0.000000
0.481630 0.704362 0.000000
0.479506 0.744502 0.000000
0.462099 0.858632 0.000000
0.462207 1.000000 0.000000
0.487003 0.668890 0.000000
0.486702 0.683474 0.000000
0.486407 0.698469 0.000000
0.490530 0.722064 0.000000
0.478931 0.757437 0.000000
0.475873 0.804360 0.000000
0.475983 0.876493 0.000000
0.474754 0.887963 0.000000
0.460081 0.923307 0.000000
0.464864 0.971876 0.000000
0.495752 0.663428 0.000000
0.495682 0.670887 0.000000
0.495559 0.686180 0.000000
0.490720 0.714725 0.000000
0.490021 0.735735 0.000000
0.489732 0.749683 0.000000
0.489443 0.763097 0.000000
0.487947 0.810919 0.000000
0.478874 0.847549 0.000000
0.485071 0.863592 0.000000
0.481892 0.905781 0.000000
0.479895 0.926977 0.000000
0.476548 0.972804 0.000000
0.490896 0.707404 0.000000
0.500000 0.740957 0.000000
0.500000 0.755542 0.000000
0.507466 0.866754 0.000000
0.500000 0.899080 0.000000
0.488439 0.968348 0.000000
0.487327 1.000000 0.000000
0.491034 0.692679 0.000000
0.490975 0.700046 0.000000
0.500000 0.725666 0.000000
0.500000 0.769452 0.000000
0.500000 0.817951 0.000000
0.500000 0.861727 0.000000
0.500000 0.884864 0.000000
0.500000 0.910046 0.000000
0.489944 0.928607 0.000000
0.511717 0.973611 0.000000
0.512673 1.000000 0.000000
0.508860 0.685026 0.000000
0.509104 0.707404 0.000000
0.510557 0.763097 0.000000
0.510771 0.947806 0.000000
0.508457 0.656167 0.000000
0.504318 0.670887 0.000000
0.509025 0.700046 0.000000
0.509280 0.714725 0.000000
0.509470 0.722064 0.000000
0.512053 0.810919 0.000000
0.523606 0.872664 0.000000
0.516581 0.886790 0.000000
0.524152 0.983735 0.000000
0.512730 0.655306 0.000000
0.512997 0.668890 0.000000
0.513593 0.698469 0.000000
0.509979 0.735735 0.000000
0.510268 0.749683 0.000000
0.521126 0.847549 0.000000
0.518108 0.905781 0.000000
0.530552 0.929877 0.000000
0.535136 0.971876 0.000000
0.537793 1.000000 0.000000
0.521822 0.666784 0.000000
0.513298 0.683474 0.000000
0.517961 0.689414 0.000000
0.519952 0.731065 0.000000
0.520494 0.744502 0.000000
0.521069 0.757437 0.000000
0.524127 0.804360 0.000000
0.529867 0.857350 0.000000
0.533638 0.885426 0.000000
0.536843 0.905576 0.000000
0.563155 1.000000 0.000000
0.517532 0.674527 0.000000
0.522307 0.680917 0.000000
0.527136 0.687050 0.000000
0.518186 0.696889 0.000000
0.518370 0.704362 0.000000
0.519012 0.718273 0.000000
0.529919 0.727015 0.000000
0.558610 0.969874 0.000000
0.521531 0.659877 0.000000
0.526574 0.672721 0.000000
0.527698 0.701301 0.000000
0.528577 0.714702 0.000000
0.536881 0.803408 0.000000
0.552967 0.892597 0.000000
0.551665 0.931361 0.000000
0.569176 0.962933 0.000000
0.575061 0.993755 0.000000
0.536410 0.684770 0.000000
0.527473 0.694174 0.000000
0.530743 0.739802 0.000000
0.531621 0.752314 0.000000
0.549234 0.797383 0.000000
0.546166 0.859748 0.000000
0.540590 0.874838 0.000000
0.588795 0.948030 0.000000
0.585263 0.980300 0.000000
0.600171 0.993181 0.000000
0.530756 0.664860 0.000000
0.537209 0.698355 0.000000
0.538224 0.711343 0.000000
0.539466 0.723752 0.000000
0.542265 0.747542 0.000000
0.550097 0.839351 0.000000
0.588372 1.000000 0.000000
0.536107 0.677770 0.000000
0.547942 0.708076 0.000000
0.541037 0.735514 0.000000
0.573558 0.867803 0.000000
0.580205 0.889407 0.000000
0.578905 0.915253 0.000000
0.620386 0.970579 0.000000
0.545718 0.682228 0.000000
0.546803 0.695422 0.000000
0.553011 0.742980 0.000000
0.560455 0.786590 0.000000
0.571052 0.830054 0.000000
0.597941 0.910763 0.000000
0.627057 0.954892 0.000000
0.642053 1.000000 0.000000
0.549349 0.667672 0.000000
0.556369 0.692460 0.000000
0.549291 0.720134 0.000000
0.561081 0.727866 0.000000
0.550924 0.731776 0.000000
0.564157 0.744395 0.000000
0.579731 0.783414 0.000000
0.568735 0.850786 0.000000
0.593935 0.875300 0.000000
0.608446 0.938155 0.000000
0.647741 0.975125 0.000000
0.613253 0.992714 0.000000
0.557653 0.704710 0.000000
0.641429 0.959938 0.000000
0.559261 0.716527 0.000000
0.574228 0.763361 0.000000
0.586236 0.828467 0.000000
0.605365 0.835387 0.000000
0.599199 0.888850 0.000000
0.646495 0.922786 0.000000
0.639623 0.931063 0.000000
0.653504 0.991780 0.000000
0.684699 1.000000 0.000000
0.562197 0.658798 0.000000
0.555099 0.679680 0.000000
0.604807 0.856276 0.000000
0.620146 0.871466 0.000000
0.677007 0.980862 0.000000
0.576394 0.662540 0.000000
0.574241 0.711255 0.000000
0.574591 0.740192 0.000000
0.604638 0.815005 0.000000
0.629391 0.890574 0.000000
0.686317 0.949213 0.000000
0.668415 0.963266 0.000000
0.702648 0.973740 0.000000
0.703545 1.000000 0.000000
0.560471 0.684756 0.000000
0.628041 0.908557 0.000000
0.726021 1.000000 0.000000
0.572340 0.699916 0.000000
0.571242 0.724058 0.000000
0.631279 0.856473 0.000000
0.665117 0.884227 0.000000
0.585847 0.689812 0.000000
0.583644 0.730962 0.000000
0.593724 0.765969 0.000000
0.629685 0.819482 0.000000
0.667852 0.858389 0.000000
0.640820 0.875101 0.000000
0.677548 0.934958 0.000000
0.718143 0.956118 0.000000
0.729404 0.985047 0.000000
0.749694 1.000000 0.000000
0.591410 0.739227 0.000000
0.632571 0.796721 0.000000
0.631836 0.839981 0.000000
0.751151 0.972488 0.000000
0.769698 0.973034 0.000000
0.771748 1.000000 0.000000
0.587279 0.672233 0.000000
0.601065 0.713294 0.000000
0.595778 0.754011 0.000000
0.675434 0.899888 0.000000
0.691643 0.907484 0.000000
0.792526 1.000000 0.000000
0.609932 0.726260 0.000000
0.629632 0.749867 0.000000
0.706994 0.886467 0.000000
0.752644 0.900396 0.000000
0.746403 0.941591 0.000000
0.623357 0.763410 0.000000
0.673865 0.868072 0.000000
0.728013 0.922954 0.000000
0.812218 1.000000 0.000000
0.830967 1.000000 0.000000
0.582289 0.644898 0.000000
0.590845 0.665937 0.000000
0.606341 0.673907 0.000000
0.652872 0.819630 0.000000
0.666070 0.841543 0.000000
0.796135 0.968059 0.000000
0.849806 0.981212 0.000000
0.866238 1.000000 0.000000
0.608029 0.644268 0.000000
0.672744 0.792579 0.000000
0.701077 0.842154 0.000000
0.744168 0.881058 0.000000
0.770924 0.916440 0.000000
0.777538 0.943703 0.000000
0.819504 0.962706 0.000000
0.695997 0.814103 0.000000
0.713069 0.869237 0.000000
0.741231 0.867312 0.000000
0.885781 0.974600 0.000000
0.887734 0.993766 0.000000
0.758510 0.905676 0.000000
0.793272 0.944486 0.000000
0.818284 0.922488 0.000000
0.841202 0.956867 0.000000
0.903439 0.967263 0.000000
0.625807 0.647949 0.000000
0.598714 0.703020 0.000000
0.637852 0.715127 0.000000
0.635626 0.736655 0.000000
0.738684 0.854034 0.000000
0.865485 0.962573 0.000000
0.914887 1.000000 0.000000
0.784091 0.868166 0.000000
0.783998 0.877421 0.000000
0.803655 0.911877 0.000000
0.913853 0.973263 0.000000
0.834284 0.933422 0.000000
0.933008 0.993121 0.000000
0.653110 0.749263 0.000000
0.703827 0.785837 0.000000
0.722793 0.836217 0.000000
0.972850 1.000000 0.000000
0.644417 0.692988 0.000000
0.833389 0.905182 0.000000
0.864368 0.925486 0.000000
0.671033 0.700571 0.000000
0.737345 0.806413 0.000000
0.810542 0.871252 0.000000
0.928734 0.964522 0.000000
0.950428 0.968419 0.000000
0.637304 0.672063 0.000000
0.665036 0.717990 0.000000
0.688263 0.730423 0.000000
0.784202 0.850319 0.000000
0.842845 0.877084 0.000000
0.874698 0.881017 0.000000
0.964765 0.948318 0.000000
1.000000 0.987048 0.000000
0.685653 0.752809 0.000000
0.765205 0.842207 0.000000
0.716058 0.744108 0.000000
0.720928 0.780516 0.000000
0.887168 0.921988 0.000000
0.753019 0.822050 0.000000
0.848356 0.915181 0.000000
0.930862 0.912613 0.000000
0.825658 0.841447 0.000000
1.000000 0.926623 0.000000
0.707048 0.703779 0.000000
0.766995 0.803145 0.000000
0.977455 0.913302 0.000000
0.671158 0.682319 0.000000
0.755891 0.778607 0.000000
0.934674 0.880196 0.000000
0.948215 0.868558 0.000000
0.957735 0.871327 0.000000
0.670547 0.654087 0.000000
0.784130 0.825398 0.000000
0.813572 0.817971 0.000000
0.830924 0.822768 0.000000
0.886844 0.864184 0.000000
0.908295 0.908715 0.000000
0.795001 0.797549 0.000000
0.838043 0.857891 0.000000
1.000000 0.835989 0.000000
0.689093 0.661590 0.000000
0.677530 0.627731 0.000000
0.760155 0.730858 0.000000
0.968722 0.864726 0.000000
0.981833 0.884433 0.000000
0.719730 0.720127 0.000000
0.789229 0.773415 0.000000
0.862860 0.821114 0.000000
0.833819 0.797159 0.000000
0.912449 0.846505 0.000000
0.811478 0.776761 0.000000
0.933628 0.809930 0.000000
0.885117 0.819039 0.000000
0.984961 0.799553 0.000000
0.711416 0.660329 0.000000
0.751022 0.705031 0.000000
0.985677 0.847754 0.000000
0.710696 0.682544 0.000000
0.795176 0.730666 0.000000
0.870229 0.784998 0.000000
0.837889 0.751108 0.000000
0.892345 0.782281 0.000000
0.748153 0.686260 0.000000
0.776524 0.695665 0.000000
0.878162 0.757987 0.000000
1.000000 0.775562 0.000000
0.711209 0.620500 0.000000
0.914150 0.803857 0.000000
0.965398 0.815356 0.000000
0.737611 0.666056 0.000000
0.907059 0.756385 0.000000
0.858702 0.755317 0.000000
0.788775 0.680667 0.000000
0.973538 0.766245 0.000000
1.000000 0.745105 0.000000
0.897096 0.735698 0.000000
0.808758 0.698353 0.000000
0.949300 0.791945 0.000000
0.958319 0.711334 0.000000
0.760000 0.663692 0.000000
0.878766 0.729749 0.000000
0.756721 0.630467 0.000000
0.965394 0.741254 0.000000
0.990624 0.771222 0.000000
0.997164 0.731755 0.000000
0.057389 0.378256 0.000000
0.086922 0.463116 0.000000
0.100764 0.551979 0.000000
0.123792 0.646287 0.000000
0.175690 0.717244 0.000000
0.263571 0.745760 0.000000
0.357729 0.738886 0.000000
0.437890 0.733377 0.000000
0.562110 0.733377 0.000000
0.642271 0.738886 0.000000
0.736429 0.745760 0.000000
0.824310 0.717244 0.000000
0.876208 0.646287 0.000000
0.899236 0.551979 0.000000
0.225932 0.193576 0.000000
0.278075 0.163264 0.000000
0.331587 0.154027 0.000000
0.378515 0.156305 0.000000
0.417570 0.164423 0.000000
0.582430 0.164423 0.000000
0.621485 0.156305 0.000000
0.668413 0.154027 0.000000
0.721925 0.163264 0.000000
0.774068 0.193576 0.000000
0.500000 0.230388 0.000000
0.500000 0.284324 0.000000
0.458718 0.435213 0.000000
0.478068 0.442665 0.000000
0.500000 0.451077 0.000000
0.521932 0.442665 0.000000
0.541282 0.435213 0.000000
0.304580 0.262007 0.000000
0.373273 0.238335 0.000000
0.401295 0.254286 0.000000
0.376375 0.264744 0.000000
0.340321 0.270554 0.000000
0.598705 0.254286 0.000000
0.626727 0.238335 0.000000
0.661939 0.234279 0.000000
0.695420 0.262007 0.000000
0.659679 0.270554 0.000000
0.623625 0.264744 0.000000
0.423570 0.556835 0.000000
0.455774 0.514316 0.000000
0.485791 0.496853 0.000000
0.500000 0.501304 0.000000
0.514209 0.496853 0.000000
0.544226 0.514316 0.000000
0.574328 0.558014 0.000000
0.537787 0.580029 0.000000
0.500000 0.589988 0.000000
0.482401 0.588532 0.000000
0.462213 0.580029 0.000000
0.432119 0.553242 0.000000
0.479980 0.528436 0.000000
0.500000 0.526682 0.000000
0.520020 0.528436 0.000000
0.568677 0.554938 0.000000
0.517331 0.562096 0.000000
0.500000 0.558628 0.000000
0.482669 0.562096 0.000000
