226
58 65 61
65 58 7
3 5 1
58 20 7
107 65 7
65 63 61
74 47 57
38 47 84
62 59 61
63 62 61
62 63 64
106 108 112
63 66 64
66 67 64
67 66 69
66 63 65
70 74 57
70 67 69
47 51 57
18 22 23
22 28 23
42 47 38
3 8 5
8 11 15
30 43 34
43 30 20
31 30 34
52 20 58
52 43 20
43 52 48
43 39 34
44 43 48
44 39 43
62 60 59
60 70 57
70 60 67
67 60 64
60 62 64
88 92 84
92 88 91
92 97 106
114 118 112
108 114 112
102 96 107
102 98 96
114 117 118
121 117 116
118 121 123
117 121 118
113 109 107
109 102 107
89 94 91
107 71 65
96 71 107
51 54 57
54 51 50
53 54 50
22 26 28
32 26 29
26 32 28
9 16 13
16 18 13
16 22 18
46 42 41
51 46 50
46 51 47
42 46 47
31 35 29
35 31 34
39 35 34
32 33 28
33 38 23
28 33 23
20 14 7
2 4 0
0 4 1
52 55 48
55 52 58
55 58 61
59 55 61
49 53 50
49 44 48
55 49 48
49 55 53
88 86 91
86 89 91
89 86 85
111 114 108
117 111 116
111 117 114
99 98 104
99 100 94
111 105 104
105 111 108
105 99 104
99 105 100
95 92 91
95 97 92
94 95 91
100 95 94
120 121 116
120 122 123
121 120 123
98 103 104
103 98 102
109 103 102
89 93 94
96 93 90
98 93 96
93 99 94
99 93 98
87 89 85
93 87 90
87 93 89
70 73 74
73 70 69
47 78 84
78 47 74
56 54 53
60 56 59
56 60 57
54 56 57
56 55 59
55 56 53
12 16 9
12 8 15
12 9 5
8 12 5
19 26 22
16 19 22
21 19 15
19 12 15
12 19 16
45 46 41
46 45 50
45 49 50
49 45 44
36 32 29
35 36 29
37 33 32
37 36 41
36 37 32
42 37 41
37 42 38
33 37 38
14 10 7
10 2 7
10 4 2
6 8 3
6 11 8
6 3 1
4 6 1
6 10 11
10 6 4
27 30 31
17 14 20
10 17 11
17 10 14
11 17 15
17 21 15
86 81 85
110 111 104
111 110 116
103 110 104
110 103 109
105 101 100
97 101 106
101 108 106
101 105 108
95 101 97
101 95 100
115 120 116
110 115 116
115 110 109
115 109 113
120 115 122
72 73 69
73 72 76
72 75 76
77 73 76
81 77 76
73 77 74
77 78 74
75 80 76
81 80 85
80 81 76
40 45 41
36 40 41
40 36 35
45 40 44
44 40 39
40 35 39
30 24 20
27 24 30
24 27 21
24 17 20
17 24 21
25 19 21
27 25 21
19 25 26
26 25 29
25 31 29
25 27 31
115 119 122
119 115 113
75 68 71
72 68 75
68 66 65
71 68 65
66 68 69
68 72 69
82 77 81
82 81 86
78 82 84
77 82 78
82 88 84
82 86 88
79 80 75
79 75 71
79 71 96
79 83 80
83 87 85
80 83 85
87 83 90
83 96 90
83 79 96
